4544 1616
2
5861
7 32 0 0
7 34 0 0
7 36 0 0
7 38 0 0
7 40 0 0
7 42 0 0
7 44 0 0
7 46 0 0
7 48 0 0
7 50 0 0
7 52 0 0
7 54 0 0
7 56 0 0
7 58 0 0
7 60 0 0
7 62 0 0
7 64 0 0
7 66 0 0
7 68 0 0
7 70 0 0
7 72 0 0
7 74 0 0
7 76 0 0
7 78 0 0
7 80 0 0
7 82 0 0
7 84 0 0
7 86 0 0
7 88 0 0
7 90 0 0
7 92 0 0
7 94 0 0
7 96 0 0
7 98 0 0
7 100 0 0
7 102 0 0
7 104 0 0
7 106 0 0
7 108 0 0
7 110 0 0
7 112 0 0
7 114 0 0
7 116 0 0
7 118 0 0
7 120 0 0
7 122 0 0
7 124 0 0
7 126 0 0
7 128 0 0
7 130 0 0
7 132 0 0
7 134 0 0
7 136 0 0
7 138 0 0
7 140 0 0
7 31 2 0
7 33 2 0
7 35 2 0
7 37 2 0
7 39 2 0
7 41 2 0
7 43 2 0
7 45 2 0
7 47 2 0
7 49 2 0
7 51 2 0
7 53 2 0
7 55 2 0
7 57 2 0
7 59 2 0
7 61 2 0
7 63 2 0
7 65 2 0
7 67 2 0
7 69 2 0
7 71 2 0
7 73 2 0
7 75 2 0
7 77 2 0
7 79 2 0
7 81 2 0
7 83 2 0
7 85 2 0
7 87 2 0
7 89 2 0
7 91 2 0
7 93 2 0
7 95 2 0
7 97 2 0
7 99 2 0
7 101 2 0
7 103 2 0
7 105 2 0
7 107 2 0
7 109 2 0
7 111 2 0
7 113 2 0
7 115 2 0
7 117 2 0
7 119 2 0
7 121 2 0
7 123 2 0
7 125 2 0
7 127 2 0
7 129 2 0
7 131 2 0
7 133 2 0
7 135 2 0
7 137 2 0
7 139 2 0
7 30 4 0
7 32 4 0
7 34 4 0
7 36 4 0
7 38 4 0
7 40 4 0
7 42 4 0
7 44 4 0
7 46 4 0
7 48 4 0
7 50 4 0
7 52 4 0
7 54 4 0
7 56 4 0
7 58 4 0
7 60 4 0
7 62 4 0
7 64 4 0
7 66 4 0
7 68 4 0
7 70 4 0
7 72 4 0
7 74 4 0
7 76 4 0
7 78 4 0
7 80 4 0
7 82 4 0
7 84 4 0
7 86 4 0
7 88 4 0
7 90 4 0
7 92 4 0
7 94 4 0
7 96 4 0
7 98 4 0
7 100 4 0
7 102 4 0
7 104 4 0
7 106 4 0
7 108 4 0
7 110 4 0
7 112 4 0
7 114 4 0
7 116 4 0
7 118 4 0
7 120 4 0
7 122 4 0
7 124 4 0
7 126 4 0
7 128 4 0
7 130 4 0
7 132 4 0
7 134 4 0
7 136 4 0
7 138 4 0
7 140 4 0
7 29 6 0
7 31 6 0
7 33 6 0
7 35 6 0
7 37 6 0
7 39 6 0
7 41 6 0
7 43 6 0
7 45 6 0
7 47 6 0
7 49 6 0
7 51 6 0
7 53 6 0
7 55 6 0
7 57 6 0
7 59 6 0
7 61 6 0
7 63 6 0
7 65 6 0
7 67 6 0
7 69 6 0
7 71 6 0
7 73 6 0
7 75 6 0
7 77 6 0
7 79 6 0
7 81 6 0
7 83 6 0
7 85 6 0
7 87 6 0
7 89 6 0
7 91 6 0
7 93 6 0
7 95 6 0
7 97 6 0
7 99 6 0
7 101 6 0
7 103 6 0
7 105 6 0
7 107 6 0
7 109 6 0
7 111 6 0
7 113 6 0
7 115 6 0
7 117 6 0
7 119 6 0
7 121 6 0
7 123 6 0
7 125 6 0
7 127 6 0
7 129 6 0
7 131 6 0
7 133 6 0
7 135 6 0
7 137 6 0
7 139 6 0
7 28 8 0
7 30 8 0
7 32 8 0
7 34 8 0
7 36 8 0
7 38 8 0
7 40 8 0
7 42 8 0
7 44 8 0
7 46 8 0
7 48 8 0
7 50 8 0
7 52 8 0
7 54 8 0
7 56 8 0
7 58 8 0
7 60 8 0
7 62 8 0
7 64 8 0
7 66 8 0
7 68 8 0
7 70 8 0
7 72 8 0
7 74 8 0
7 76 8 0
7 78 8 0
7 80 8 0
7 82 8 0
7 84 8 0
7 86 8 0
7 88 8 0
7 90 8 0
7 92 8 0
7 94 8 0
7 96 8 0
7 98 8 0
7 100 8 0
7 102 8 0
7 104 8 0
7 106 8 0
7 108 8 0
7 110 8 0
7 112 8 0
7 114 8 0
7 116 8 0
7 118 8 0
7 120 8 0
7 122 8 0
7 124 8 0
7 126 8 0
7 128 8 0
7 130 8 0
7 132 8 0
7 134 8 0
7 136 8 0
7 138 8 0
7 140 8 0
7 27 10 0
7 29 10 0
7 31 10 0
7 33 10 0
7 35 10 0
7 37 10 0
7 39 10 0
7 41 10 0
7 43 10 0
7 45 10 0
7 47 10 0
7 49 10 0
7 51 10 0
7 53 10 0
7 55 10 0
7 57 10 0
7 59 10 0
7 61 10 0
7 63 10 0
7 65 10 0
7 67 10 0
7 69 10 0
7 71 10 0
7 73 10 0
7 75 10 0
7 77 10 0
7 79 10 0
7 81 10 0
7 83 10 0
7 85 10 0
7 87 10 0
7 89 10 0
7 91 10 0
7 93 10 0
7 95 10 0
7 97 10 0
7 99 10 0
7 101 10 0
7 103 10 0
7 105 10 0
7 107 10 0
7 109 10 0
7 111 10 0
7 113 10 0
7 115 10 0
7 117 10 0
7 119 10 0
7 121 10 0
7 123 10 0
7 125 10 0
7 127 10 0
7 129 10 0
7 131 10 0
7 133 10 0
7 135 10 0
7 137 10 0
7 139 10 0
7 26 12 0
7 28 12 0
7 30 12 0
7 32 12 0
7 34 12 0
7 36 12 0
7 38 12 0
7 40 12 0
7 42 12 0
7 44 12 0
7 46 12 0
7 48 12 0
7 50 12 0
7 52 12 0
7 54 12 0
7 56 12 0
7 58 12 0
7 60 12 0
7 62 12 0
7 64 12 0
7 66 12 0
7 68 12 0
7 70 12 0
7 72 12 0
7 74 12 0
7 76 12 0
7 78 12 0
7 80 12 0
7 82 12 0
7 84 12 0
7 86 12 0
7 88 12 0
7 90 12 0
7 92 12 0
7 94 12 0
7 96 12 0
7 98 12 0
7 100 12 0
7 102 12 0
7 104 12 0
7 106 12 0
7 108 12 0
7 110 12 0
7 112 12 0
7 114 12 0
7 116 12 0
7 118 12 0
7 120 12 0
7 122 12 0
7 124 12 0
7 126 12 0
7 128 12 0
7 130 12 0
7 132 12 0
7 134 12 0
7 136 12 0
7 138 12 0
7 140 12 0
7 25 14 0
7 27 14 0
7 29 14 0
7 31 14 0
7 33 14 0
7 35 14 0
7 37 14 0
7 39 14 0
7 41 14 0
7 43 14 0
7 45 14 0
7 47 14 0
7 49 14 0
7 51 14 0
7 53 14 0
7 55 14 0
7 57 14 0
7 59 14 0
7 61 14 0
7 63 14 0
7 65 14 0
7 67 14 0
7 69 14 0
7 71 14 0
7 73 14 0
7 75 14 0
7 77 14 0
7 79 14 0
7 81 14 0
7 83 14 0
7 85 14 0
7 87 14 0
7 89 14 0
7 91 14 0
7 93 14 0
7 95 14 0
7 97 14 0
7 99 14 0
7 101 14 0
7 103 14 0
7 105 14 0
7 107 14 0
7 109 14 0
7 111 14 0
7 113 14 0
7 115 14 0
7 117 14 0
7 119 14 0
7 121 14 0
7 123 14 0
7 125 14 0
7 127 14 0
7 129 14 0
7 131 14 0
7 133 14 0
7 135 14 0
7 137 14 0
7 139 14 0
7 24 16 0
7 26 16 0
7 28 16 0
7 30 16 0
7 32 16 0
7 34 16 0
7 36 16 0
7 40 16 0
7 42 16 0
7 44 16 0
7 46 16 0
7 48 16 0
7 50 16 0
7 52 16 0
7 54 16 0
7 56 16 0
7 58 16 0
7 60 16 0
7 62 16 0
7 64 16 0
7 66 16 0
7 68 16 0
7 70 16 0
7 72 16 0
7 74 16 0
7 76 16 0
7 78 16 0
7 80 16 0
7 82 16 0
7 84 16 0
7 86 16 0
7 88 16 0
7 90 16 0
7 92 16 0
7 94 16 0
7 96 16 0
7 98 16 0
7 100 16 0
7 102 16 0
7 104 16 0
7 106 16 0
7 108 16 0
7 110 16 0
7 112 16 0
7 114 16 0
7 116 16 0
7 118 16 0
7 120 16 0
7 122 16 0
7 124 16 0
7 126 16 0
7 128 16 0
7 130 16 0
7 132 16 0
7 134 16 0
7 136 16 0
7 138 16 0
7 140 16 0
7 23 18 0
7 25 18 0
7 27 18 0
7 29 18 0
7 31 18 0
7 33 18 0
7 35 18 0
7 37 18 0
7 39 18 0
7 41 18 0
7 43 18 0
7 45 18 0
7 47 18 0
7 49 18 0
7 51 18 0
7 53 18 0
7 55 18 0
7 57 18 0
7 59 18 0
7 61 18 0
7 63 18 0
7 65 18 0
7 67 18 0
7 69 18 0
7 71 18 0
7 73 18 0
7 75 18 0
7 77 18 0
7 79 18 0
7 81 18 0
7 83 18 0
7 85 18 0
7 87 18 0
7 89 18 0
7 91 18 0
7 93 18 0
7 95 18 0
7 97 18 0
7 99 18 0
7 101 18 0
7 103 18 0
7 105 18 0
7 107 18 0
7 109 18 0
7 111 18 0
7 113 18 0
7 115 18 0
7 117 18 0
7 119 18 0
7 121 18 0
7 123 18 0
7 125 18 0
7 127 18 0
7 129 18 0
7 131 18 0
7 133 18 0
7 135 18 0
7 137 18 0
7 139 18 0
7 22 20 0
7 24 20 0
7 26 20 0
7 28 20 0
7 30 20 0
7 32 20 0
7 34 20 0
7 36 20 0
7 38 20 0
7 40 20 0
7 42 20 0
7 44 20 0
7 46 20 0
7 48 20 0
7 50 20 0
7 52 20 0
7 54 20 0
7 56 20 0
7 58 20 0
7 60 20 0
7 62 20 0
7 64 20 0
7 66 20 0
7 68 20 0
7 70 20 0
7 72 20 0
7 74 20 0
7 76 20 0
7 78 20 0
7 80 20 0
7 82 20 0
7 84 20 0
7 86 20 0
7 88 20 0
7 90 20 0
7 92 20 0
7 94 20 0
7 96 20 0
7 98 20 0
7 100 20 0
7 102 20 0
7 104 20 0
7 106 20 0
7 108 20 0
7 110 20 0
7 112 20 0
7 114 20 0
7 116 20 0
7 118 20 0
7 120 20 0
7 122 20 0
7 124 20 0
7 126 20 0
7 128 20 0
7 130 20 0
7 132 20 0
7 134 20 0
7 136 20 0
7 138 20 0
7 140 20 0
7 21 22 0
7 23 22 0
7 25 22 0
7 27 22 0
7 29 22 0
7 31 22 0
7 33 22 0
7 35 22 0
7 37 22 0
7 39 22 0
7 41 22 0
7 43 22 0
7 45 22 0
7 47 22 0
7 49 22 0
7 51 22 0
7 53 22 0
7 55 22 0
7 57 22 0
7 59 22 0
7 61 22 0
7 63 22 0
7 65 22 0
7 67 22 0
7 69 22 0
7 71 22 0
7 73 22 0
7 75 22 0
7 77 22 0
7 79 22 0
7 81 22 0
7 83 22 0
7 85 22 0
7 87 22 0
7 89 22 0
7 91 22 0
7 93 22 0
7 95 22 0
7 97 22 0
7 99 22 0
7 101 22 0
7 103 22 0
7 105 22 0
7 107 22 0
7 109 22 0
7 111 22 0
7 113 22 0
7 115 22 0
7 117 22 0
7 119 22 0
7 121 22 0
7 123 22 0
7 125 22 0
7 127 22 0
7 129 22 0
7 131 22 0
7 133 22 0
7 135 22 0
7 137 22 0
7 139 22 0
7 20 24 0
7 22 24 0
7 24 24 0
7 26 24 0
7 28 24 0
7 30 24 0
7 32 24 0
7 34 24 0
7 36 24 0
7 38 24 0
7 40 24 0
7 42 24 0
7 44 24 0
7 46 24 0
7 48 24 0
7 50 24 0
7 52 24 0
7 54 24 0
7 56 24 0
7 58 24 0
7 60 24 0
7 62 24 0
7 64 24 0
7 66 24 0
7 68 24 0
7 70 24 0
7 72 24 0
7 74 24 0
7 76 24 0
7 78 24 0
7 80 24 0
7 82 24 0
7 84 24 0
7 86 24 0
7 88 24 0
7 90 24 0
7 92 24 0
7 94 24 0
7 96 24 0
7 98 24 0
7 100 24 0
7 102 24 0
7 104 24 0
7 106 24 0
7 108 24 0
7 110 24 0
7 112 24 0
7 114 24 0
7 116 24 0
7 118 24 0
7 120 24 0
7 122 24 0
7 124 24 0
7 126 24 0
7 128 24 0
7 130 24 0
7 132 24 0
7 134 24 0
7 136 24 0
7 138 24 0
7 140 24 0
7 19 26 0
7 21 26 0
7 23 26 0
7 25 26 0
7 27 26 0
7 29 26 0
7 31 26 0
7 33 26 0
7 35 26 0
7 37 26 0
7 39 26 0
7 41 26 0
7 43 26 0
7 45 26 0
7 47 26 0
7 49 26 0
7 51 26 0
7 53 26 0
7 55 26 0
7 57 26 0
7 59 26 0
7 61 26 0
7 63 26 0
7 65 26 0
7 67 26 0
7 69 26 0
7 71 26 0
7 73 26 0
7 75 26 0
7 77 26 0
7 79 26 0
7 81 26 0
7 83 26 0
7 85 26 0
7 87 26 0
7 89 26 0
7 91 26 0
7 93 26 0
7 95 26 0
7 97 26 0
7 99 26 0
7 101 26 0
7 103 26 0
7 105 26 0
7 107 26 0
7 109 26 0
7 111 26 0
7 113 26 0
7 115 26 0
7 117 26 0
7 119 26 0
7 121 26 0
7 123 26 0
7 125 26 0
7 127 26 0
7 129 26 0
7 131 26 0
7 133 26 0
7 135 26 0
7 137 26 0
7 139 26 0
7 18 28 0
7 20 28 0
7 22 28 0
7 24 28 0
7 26 28 0
7 28 28 0
7 30 28 0
7 32 28 0
7 34 28 0
7 36 28 0
7 38 28 0
7 40 28 0
7 42 28 0
7 44 28 0
7 46 28 0
7 48 28 0
7 50 28 0
7 52 28 0
7 54 28 0
7 56 28 0
7 58 28 0
7 60 28 0
7 62 28 0
7 64 28 0
7 66 28 0
7 68 28 0
7 70 28 0
7 72 28 0
7 74 28 0
7 76 28 0
7 78 28 0
7 80 28 0
7 82 28 0
7 84 28 0
7 86 28 0
7 88 28 0
7 90 28 0
7 92 28 0
7 94 28 0
7 96 28 0
7 98 28 0
7 100 28 0
7 102 28 0
7 104 28 0
7 106 28 0
7 108 28 0
7 110 28 0
7 112 28 0
7 114 28 0
7 116 28 0
7 118 28 0
7 120 28 0
7 122 28 0
7 124 28 0
7 126 28 0
7 128 28 0
7 130 28 0
7 132 28 0
7 134 28 0
7 136 28 0
7 138 28 0
7 140 28 0
7 17 30 0
7 19 30 0
7 21 30 0
7 23 30 0
7 25 30 0
7 27 30 0
7 29 30 0
7 31 30 0
7 33 30 0
7 35 30 0
7 37 30 0
7 39 30 0
7 41 30 0
7 43 30 0
7 45 30 0
7 47 30 0
7 49 30 0
7 51 30 0
7 53 30 0
7 55 30 0
7 57 30 0
7 59 30 0
7 61 30 0
7 63 30 0
7 65 30 0
7 67 30 0
7 69 30 0
7 71 30 0
7 73 30 0
7 75 30 0
7 77 30 0
7 79 30 0
7 81 30 0
7 83 30 0
7 85 30 0
7 87 30 0
7 89 30 0
7 91 30 0
7 93 30 0
7 95 30 0
7 97 30 0
7 99 30 0
7 101 30 0
7 103 30 0
7 105 30 0
7 107 30 0
7 109 30 0
7 111 30 0
7 113 30 0
7 115 30 0
7 117 30 0
7 119 30 0
7 121 30 0
7 123 30 0
7 125 30 0
7 127 30 0
7 129 30 0
7 131 30 0
7 133 30 0
7 135 30 0
7 137 30 0
7 139 30 0
7 16 32 0
7 18 32 0
7 20 32 0
7 22 32 0
7 24 32 0
7 26 32 0
7 28 32 0
7 30 32 0
7 32 32 0
7 34 32 0
7 36 32 0
7 38 32 0
7 40 32 0
7 42 32 0
7 44 32 0
7 46 32 0
7 48 32 0
7 50 32 0
7 52 32 0
7 54 32 0
7 56 32 0
7 58 32 0
7 60 32 0
7 62 32 0
7 64 32 0
7 66 32 0
7 68 32 0
7 70 32 0
7 72 32 0
7 74 32 0
7 76 32 0
7 78 32 0
7 80 32 0
7 82 32 0
7 84 32 0
7 86 32 0
7 88 32 0
7 90 32 0
7 92 32 0
7 94 32 0
7 96 32 0
7 98 32 0
7 100 32 0
7 102 32 0
7 104 32 0
7 106 32 0
7 108 32 0
7 110 32 0
7 112 32 0
7 114 32 0
7 116 32 0
7 118 32 0
7 120 32 0
7 122 32 0
7 124 32 0
7 126 32 0
7 128 32 0
7 130 32 0
7 132 32 0
7 134 32 0
7 136 32 0
7 138 32 0
7 140 32 0
7 15 34 0
7 17 34 0
7 19 34 0
7 21 34 0
7 23 34 0
7 25 34 0
7 27 34 0
7 29 34 0
7 31 34 0
7 33 34 0
7 35 34 0
7 37 34 0
7 39 34 0
7 41 34 0
7 43 34 0
7 45 34 0
7 47 34 0
7 49 34 0
7 51 34 0
7 53 34 0
7 55 34 0
7 57 34 0
7 59 34 0
7 61 34 0
7 63 34 0
7 65 34 0
7 67 34 0
7 69 34 0
7 71 34 0
7 73 34 0
7 75 34 0
7 77 34 0
7 79 34 0
7 81 34 0
7 83 34 0
7 85 34 0
7 87 34 0
7 89 34 0
7 91 34 0
7 93 34 0
7 95 34 0
7 97 34 0
7 99 34 0
7 101 34 0
7 103 34 0
7 105 34 0
7 107 34 0
7 109 34 0
7 111 34 0
7 113 34 0
7 115 34 0
7 117 34 0
7 119 34 0
7 121 34 0
7 123 34 0
7 125 34 0
7 127 34 0
7 129 34 0
7 131 34 0
7 133 34 0
7 135 34 0
7 137 34 0
7 139 34 0
7 14 36 0
7 16 36 0
7 18 36 0
7 20 36 0
7 22 36 0
7 24 36 0
7 26 36 0
7 28 36 0
7 30 36 0
7 32 36 0
7 34 36 0
7 36 36 0
7 38 36 0
7 40 36 0
7 42 36 0
7 44 36 0
7 46 36 0
7 48 36 0
7 50 36 0
7 52 36 0
7 54 36 0
7 56 36 0
7 58 36 0
7 60 36 0
7 62 36 0
7 64 36 0
7 66 36 0
7 68 36 0
7 70 36 0
7 72 36 0
7 74 36 0
7 76 36 0
7 78 36 0
7 80 36 0
7 82 36 0
7 84 36 0
7 86 36 0
7 88 36 0
7 90 36 0
7 92 36 0
7 94 36 0
7 96 36 0
7 98 36 0
7 100 36 0
7 102 36 0
7 104 36 0
7 106 36 0
7 108 36 0
7 110 36 0
7 112 36 0
7 114 36 0
7 116 36 0
7 118 36 0
7 120 36 0
7 122 36 0
7 124 36 0
7 126 36 0
7 128 36 0
7 130 36 0
7 132 36 0
7 134 36 0
7 136 36 0
7 138 36 0
7 140 36 0
7 13 38 0
7 15 38 0
7 17 38 0
7 19 38 0
7 21 38 0
7 23 38 0
7 25 38 0
7 27 38 0
7 29 38 0
7 31 38 0
7 33 38 0
7 35 38 0
7 37 38 0
7 39 38 0
7 41 38 0
7 43 38 0
7 45 38 0
7 47 38 0
7 49 38 0
7 51 38 0
7 53 38 0
7 55 38 0
7 57 38 0
7 59 38 0
7 61 38 0
7 63 38 0
7 65 38 0
7 67 38 0
7 69 38 0
7 71 38 0
7 73 38 0
7 75 38 0
7 77 38 0
7 79 38 0
7 81 38 0
7 83 38 0
7 85 38 0
7 87 38 0
7 89 38 0
7 91 38 0
7 93 38 0
7 95 38 0
7 97 38 0
7 99 38 0
7 101 38 0
7 103 38 0
7 105 38 0
7 107 38 0
7 109 38 0
7 111 38 0
7 113 38 0
7 115 38 0
7 117 38 0
7 119 38 0
7 121 38 0
7 123 38 0
7 125 38 0
7 127 38 0
7 129 38 0
7 131 38 0
7 133 38 0
7 135 38 0
7 137 38 0
7 139 38 0
7 12 40 0
7 14 40 0
7 16 40 0
7 18 40 0
7 20 40 0
7 22 40 0
7 24 40 0
7 26 40 0
7 28 40 0
7 30 40 0
7 32 40 0
7 34 40 0
7 36 40 0
7 38 40 0
7 40 40 0
7 42 40 0
7 44 40 0
7 46 40 0
7 48 40 0
7 50 40 0
7 52 40 0
7 54 40 0
7 56 40 0
7 58 40 0
7 60 40 0
7 62 40 0
7 64 40 0
7 66 40 0
7 68 40 0
7 70 40 0
7 72 40 0
7 74 40 0
7 76 40 0
7 78 40 0
7 80 40 0
7 82 40 0
7 84 40 0
7 86 40 0
7 88 40 0
7 90 40 0
7 92 40 0
7 94 40 0
7 96 40 0
7 98 40 0
7 100 40 0
7 102 40 0
7 104 40 0
7 106 40 0
7 108 40 0
7 110 40 0
7 112 40 0
7 114 40 0
7 116 40 0
7 118 40 0
7 120 40 0
7 122 40 0
7 124 40 0
7 126 40 0
7 128 40 0
7 130 40 0
7 132 40 0
7 134 40 0
7 136 40 0
7 138 40 0
7 140 40 0
7 11 42 0
7 13 42 0
7 15 42 0
7 17 42 0
7 19 42 0
7 21 42 0
7 23 42 0
7 25 42 0
7 27 42 0
7 29 42 0
7 31 42 0
7 33 42 0
7 35 42 0
7 37 42 0
7 39 42 0
7 41 42 0
7 43 42 0
7 45 42 0
7 47 42 0
7 49 42 0
7 51 42 0
7 53 42 0
7 55 42 0
7 57 42 0
7 59 42 0
7 61 42 0
7 63 42 0
7 65 42 0
7 67 42 0
7 69 42 0
7 71 42 0
7 73 42 0
7 75 42 0
7 77 42 0
7 79 42 0
7 81 42 0
7 83 42 0
7 85 42 0
7 87 42 0
7 89 42 0
7 91 42 0
7 93 42 0
7 95 42 0
7 97 42 0
7 99 42 0
7 101 42 0
7 103 42 0
7 105 42 0
7 107 42 0
7 109 42 0
7 111 42 0
7 113 42 0
7 115 42 0
7 117 42 0
7 119 42 0
7 121 42 0
7 123 42 0
7 125 42 0
7 127 42 0
7 129 42 0
7 131 42 0
7 133 42 0
7 135 42 0
7 137 42 0
7 139 42 0
7 10 44 0
7 12 44 0
7 14 44 0
7 16 44 0
7 18 44 0
7 20 44 0
7 22 44 0
7 24 44 0
7 26 44 0
7 28 44 0
7 30 44 0
7 32 44 0
7 34 44 0
7 36 44 0
7 38 44 0
7 40 44 0
7 42 44 0
7 44 44 0
7 46 44 0
7 48 44 0
7 50 44 0
7 52 44 0
7 54 44 0
7 56 44 0
7 58 44 0
7 60 44 0
7 62 44 0
7 64 44 0
7 66 44 0
7 68 44 0
7 70 44 0
7 72 44 0
7 74 44 0
7 76 44 0
7 78 44 0
7 80 44 0
7 82 44 0
7 84 44 0
7 86 44 0
7 88 44 0
7 90 44 0
7 92 44 0
7 94 44 0
7 96 44 0
7 98 44 0
7 100 44 0
7 102 44 0
7 104 44 0
7 106 44 0
7 108 44 0
7 110 44 0
7 112 44 0
7 114 44 0
7 116 44 0
7 118 44 0
7 120 44 0
7 122 44 0
7 124 44 0
7 126 44 0
7 128 44 0
7 130 44 0
7 132 44 0
7 134 44 0
7 136 44 0
7 138 44 0
7 140 44 0
7 9 46 0
7 11 46 0
7 13 46 0
7 15 46 0
7 17 46 0
7 19 46 0
7 21 46 0
7 23 46 0
7 25 46 0
7 27 46 0
7 29 46 0
7 31 46 0
7 33 46 0
7 35 46 0
7 37 46 0
7 39 46 0
7 41 46 0
7 43 46 0
7 45 46 0
7 47 46 0
7 49 46 0
7 51 46 0
7 53 46 0
7 55 46 0
7 57 46 0
7 59 46 0
7 61 46 0
7 63 46 0
7 65 46 0
7 67 46 0
7 69 46 0
7 71 46 0
7 73 46 0
7 75 46 0
7 77 46 0
7 79 46 0
7 81 46 0
7 83 46 0
7 85 46 0
7 87 46 0
7 89 46 0
7 91 46 0
7 93 46 0
7 95 46 0
7 97 46 0
7 99 46 0
7 101 46 0
7 103 46 0
7 105 46 0
7 107 46 0
7 109 46 0
7 111 46 0
7 113 46 0
7 115 46 0
7 117 46 0
7 119 46 0
7 121 46 0
7 123 46 0
7 125 46 0
7 127 46 0
7 129 46 0
7 131 46 0
7 133 46 0
7 135 46 0
7 137 46 0
7 139 46 0
7 8 48 0
7 10 48 0
7 12 48 0
7 14 48 0
7 16 48 0
7 18 48 0
7 20 48 0
7 22 48 0
7 24 48 0
7 26 48 0
7 28 48 0
7 30 48 0
7 32 48 0
7 34 48 0
7 36 48 0
7 38 48 0
7 40 48 0
7 42 48 0
7 44 48 0
7 46 48 0
7 48 48 0
7 50 48 0
7 52 48 0
7 54 48 0
7 56 48 0
7 58 48 0
7 60 48 0
7 62 48 0
7 64 48 0
7 66 48 0
7 68 48 0
7 70 48 0
7 72 48 0
7 74 48 0
7 76 48 0
7 78 48 0
7 80 48 0
7 82 48 0
7 84 48 0
7 86 48 0
7 88 48 0
7 90 48 0
7 92 48 0
7 94 48 0
7 96 48 0
7 98 48 0
7 100 48 0
7 102 48 0
7 104 48 0
7 106 48 0
7 108 48 0
7 110 48 0
7 112 48 0
7 114 48 0
7 116 48 0
7 118 48 0
7 120 48 0
7 122 48 0
7 124 48 0
7 126 48 0
7 128 48 0
7 130 48 0
7 132 48 0
7 134 48 0
7 136 48 0
7 138 48 0
7 140 48 0
7 7 50 0
7 9 50 0
7 11 50 0
7 13 50 0
7 15 50 0
7 17 50 0
7 19 50 0
7 21 50 0
7 23 50 0
7 25 50 0
7 27 50 0
7 29 50 0
7 31 50 0
7 33 50 0
7 35 50 0
7 37 50 0
7 39 50 0
7 41 50 0
7 43 50 0
7 45 50 0
7 47 50 0
7 49 50 0
7 51 50 0
7 53 50 0
7 55 50 0
7 57 50 0
7 59 50 0
7 61 50 0
7 63 50 0
7 65 50 0
7 67 50 0
7 69 50 0
7 71 50 0
7 73 50 0
7 75 50 0
7 77 50 0
7 79 50 0
7 81 50 0
7 83 50 0
7 85 50 0
7 87 50 0
7 89 50 0
7 91 50 0
7 93 50 0
7 95 50 0
7 97 50 0
7 99 50 0
7 101 50 0
7 103 50 0
7 105 50 0
7 107 50 0
7 109 50 0
7 111 50 0
7 113 50 0
7 115 50 0
7 117 50 0
7 119 50 0
7 121 50 0
7 123 50 0
7 125 50 0
7 127 50 0
7 129 50 0
7 131 50 0
7 133 50 0
7 135 50 0
7 137 50 0
7 139 50 0
7 6 52 0
7 8 52 0
7 10 52 0
7 12 52 0
7 14 52 0
7 16 52 0
7 18 52 0
7 20 52 0
7 22 52 0
7 24 52 0
7 26 52 0
7 28 52 0
7 30 52 0
7 32 52 0
7 34 52 0
7 36 52 0
7 38 52 0
7 40 52 0
7 42 52 0
7 44 52 0
7 46 52 0
7 48 52 0
7 50 52 0
7 52 52 0
7 54 52 0
7 56 52 0
7 58 52 0
7 60 52 0
7 62 52 0
7 64 52 0
7 66 52 0
7 68 52 0
7 70 52 0
7 72 52 0
7 74 52 0
7 76 52 0
7 78 52 0
7 80 52 0
7 82 52 0
7 84 52 0
7 86 52 0
7 88 52 0
7 90 52 0
7 92 52 0
7 94 52 0
7 96 52 0
7 98 52 0
7 100 52 0
7 102 52 0
7 104 52 0
7 106 52 0
7 108 52 0
7 110 52 0
7 112 52 0
7 114 52 0
7 116 52 0
7 118 52 0
7 120 52 0
7 122 52 0
7 124 52 0
7 126 52 0
7 128 52 0
7 130 52 0
7 132 52 0
7 134 52 0
7 136 52 0
7 138 52 0
7 140 52 0
7 5 54 0
7 7 54 0
7 9 54 0
7 11 54 0
7 13 54 0
7 15 54 0
7 17 54 0
7 19 54 0
7 21 54 0
7 23 54 0
7 25 54 0
7 27 54 0
7 29 54 0
7 31 54 0
7 33 54 0
7 35 54 0
7 37 54 0
7 39 54 0
7 41 54 0
7 43 54 0
7 45 54 0
7 47 54 0
7 49 54 0
7 51 54 0
7 53 54 0
7 55 54 0
7 57 54 0
7 59 54 0
7 61 54 0
7 63 54 0
7 65 54 0
7 67 54 0
7 69 54 0
7 71 54 0
7 73 54 0
7 75 54 0
7 77 54 0
7 79 54 0
7 81 54 0
7 83 54 0
7 85 54 0
7 87 54 0
7 89 54 0
7 91 54 0
7 93 54 0
7 95 54 0
7 97 54 0
7 99 54 0
7 101 54 0
7 103 54 0
7 105 54 0
7 107 54 0
7 109 54 0
7 111 54 0
7 113 54 0
7 115 54 0
7 117 54 0
7 119 54 0
7 121 54 0
7 123 54 0
7 125 54 0
7 127 54 0
7 129 54 0
7 131 54 0
7 133 54 0
7 135 54 0
7 137 54 0
7 139 54 0
7 4 56 0
7 6 56 0
7 8 56 0
7 10 56 0
7 12 56 0
7 14 56 0
7 16 56 0
7 18 56 0
7 20 56 0
7 22 56 0
7 24 56 0
7 26 56 0
7 28 56 0
7 30 56 0
7 32 56 0
7 34 56 0
7 36 56 0
7 38 56 0
7 40 56 0
7 42 56 0
7 44 56 0
7 46 56 0
7 48 56 0
7 50 56 0
7 52 56 0
7 54 56 0
7 56 56 0
7 58 56 0
7 60 56 0
7 62 56 0
7 64 56 0
7 66 56 0
7 68 56 0
7 70 56 0
7 72 56 0
7 74 56 0
7 76 56 0
7 78 56 0
7 80 56 0
7 82 56 0
7 84 56 0
7 86 56 0
7 88 56 0
7 90 56 0
7 92 56 0
7 94 56 0
7 96 56 0
7 98 56 0
7 100 56 0
7 102 56 0
7 104 56 0
7 106 56 0
7 108 56 0
7 110 56 0
7 112 56 0
7 114 56 0
7 116 56 0
7 118 56 0
7 120 56 0
7 122 56 0
7 124 56 0
7 126 56 0
7 128 56 0
7 130 56 0
7 132 56 0
7 134 56 0
7 136 56 0
7 138 56 0
7 140 56 0
7 3 58 0
7 5 58 0
7 7 58 0
7 9 58 0
7 11 58 0
7 13 58 0
7 15 58 0
7 17 58 0
7 19 58 0
7 21 58 0
7 23 58 0
7 25 58 0
7 27 58 0
7 29 58 0
7 31 58 0
7 33 58 0
7 35 58 0
7 37 58 0
7 39 58 0
7 41 58 0
7 43 58 0
7 45 58 0
7 47 58 0
7 49 58 0
7 51 58 0
7 53 58 0
7 55 58 0
7 57 58 0
7 59 58 0
7 61 58 0
7 63 58 0
7 65 58 0
7 67 58 0
7 69 58 0
7 71 58 0
7 73 58 0
7 75 58 0
7 77 58 0
7 79 58 0
7 81 58 0
7 83 58 0
7 85 58 0
7 87 58 0
7 89 58 0
7 91 58 0
7 93 58 0
7 95 58 0
7 97 58 0
7 99 58 0
7 101 58 0
7 103 58 0
7 105 58 0
7 107 58 0
7 109 58 0
7 111 58 0
7 113 58 0
7 115 58 0
7 117 58 0
7 119 58 0
7 121 58 0
7 123 58 0
7 125 58 0
7 127 58 0
7 129 58 0
7 131 58 0
7 133 58 0
7 135 58 0
7 137 58 0
7 139 58 0
7 2 60 0
7 4 60 0
7 6 60 0
7 8 60 0
7 10 60 0
7 12 60 0
7 14 60 0
7 16 60 0
7 18 60 0
7 20 60 0
7 22 60 0
7 24 60 0
7 26 60 0
7 28 60 0
7 30 60 0
7 32 60 0
7 34 60 0
7 36 60 0
7 38 60 0
7 40 60 0
7 42 60 0
7 44 60 0
7 46 60 0
7 48 60 0
7 50 60 0
7 52 60 0
7 54 60 0
7 56 60 0
7 58 60 0
7 60 60 0
7 62 60 0
7 64 60 0
7 66 60 0
7 68 60 0
7 70 60 0
7 72 60 0
7 74 60 0
7 76 60 0
7 78 60 0
7 80 60 0
7 82 60 0
7 84 60 0
7 86 60 0
7 88 60 0
7 90 60 0
7 92 60 0
7 94 60 0
7 96 60 0
7 98 60 0
7 100 60 0
7 102 60 0
7 104 60 0
7 106 60 0
7 108 60 0
7 110 60 0
7 112 60 0
7 114 60 0
7 116 60 0
7 118 60 0
7 120 60 0
7 122 60 0
7 124 60 0
7 126 60 0
7 128 60 0
7 130 60 0
7 132 60 0
7 134 60 0
7 136 60 0
7 138 60 0
7 140 60 0
7 1 62 0
7 3 62 0
7 5 62 0
7 7 62 0
7 9 62 0
7 11 62 0
7 13 62 0
7 15 62 0
7 17 62 0
7 19 62 0
7 21 62 0
7 23 62 0
7 25 62 0
7 27 62 0
7 29 62 0
7 31 62 0
7 33 62 0
7 35 62 0
7 37 62 0
7 39 62 0
7 41 62 0
7 43 62 0
7 45 62 0
7 47 62 0
7 49 62 0
7 51 62 0
7 53 62 0
7 55 62 0
7 57 62 0
7 59 62 0
7 61 62 0
7 63 62 0
7 65 62 0
7 67 62 0
7 69 62 0
7 71 62 0
7 73 62 0
7 75 62 0
7 77 62 0
7 79 62 0
7 81 62 0
7 83 62 0
7 85 62 0
7 87 62 0
7 89 62 0
7 91 62 0
7 93 62 0
7 95 62 0
7 97 62 0
7 99 62 0
7 101 62 0
7 103 62 0
7 105 62 0
7 107 62 0
7 109 62 0
7 111 62 0
7 113 62 0
7 115 62 0
7 117 62 0
7 119 62 0
7 121 62 0
7 123 62 0
7 125 62 0
7 127 62 0
7 129 62 0
7 131 62 0
7 133 62 0
7 135 62 0
7 137 62 0
7 139 62 0
7 0 64 0
7 2 64 0
7 4 64 0
7 6 64 0
7 8 64 0
7 10 64 0
7 12 64 0
7 14 64 0
7 16 64 0
7 18 64 0
7 20 64 0
7 22 64 0
7 24 64 0
7 26 64 0
7 28 64 0
7 30 64 0
7 32 64 0
7 34 64 0
7 36 64 0
7 38 64 0
7 40 64 0
7 42 64 0
7 44 64 0
7 46 64 0
7 48 64 0
7 50 64 0
7 52 64 0
7 54 64 0
7 56 64 0
7 58 64 0
7 60 64 0
7 62 64 0
7 64 64 0
7 66 64 0
7 68 64 0
7 70 64 0
7 72 64 0
7 74 64 0
7 76 64 0
7 78 64 0
7 80 64 0
7 82 64 0
7 84 64 0
7 86 64 0
7 88 64 0
7 90 64 0
7 92 64 0
7 94 64 0
7 96 64 0
7 98 64 0
7 100 64 0
7 102 64 0
7 104 64 0
7 106 64 0
7 108 64 0
7 110 64 0
7 112 64 0
7 114 64 0
7 116 64 0
7 118 64 0
7 120 64 0
7 122 64 0
7 124 64 0
7 126 64 0
7 128 64 0
7 130 64 0
7 132 64 0
7 134 64 0
7 136 64 0
7 138 64 0
7 140 64 0
7 1 66 0
7 3 66 0
7 5 66 0
7 7 66 0
7 9 66 0
7 11 66 0
7 13 66 0
7 15 66 0
7 17 66 0
7 19 66 0
7 21 66 0
7 23 66 0
7 25 66 0
7 27 66 0
7 29 66 0
7 31 66 0
7 33 66 0
7 35 66 0
7 37 66 0
7 39 66 0
7 41 66 0
7 43 66 0
7 45 66 0
7 47 66 0
7 49 66 0
7 51 66 0
7 53 66 0
7 55 66 0
7 57 66 0
7 59 66 0
7 61 66 0
7 63 66 0
7 65 66 0
7 67 66 0
7 69 66 0
7 71 66 0
7 73 66 0
7 75 66 0
7 77 66 0
7 79 66 0
7 81 66 0
7 83 66 0
7 85 66 0
7 87 66 0
7 89 66 0
7 91 66 0
7 93 66 0
7 95 66 0
7 97 66 0
7 99 66 0
7 101 66 0
7 103 66 0
7 105 66 0
7 107 66 0
7 109 66 0
7 111 66 0
7 113 66 0
7 115 66 0
7 117 66 0
7 119 66 0
7 121 66 0
7 123 66 0
7 125 66 0
7 127 66 0
7 129 66 0
7 131 66 0
7 133 66 0
7 135 66 0
7 137 66 0
7 139 66 0
7 2 68 0
7 4 68 0
7 6 68 0
7 8 68 0
7 10 68 0
7 12 68 0
7 14 68 0
7 16 68 0
7 18 68 0
7 20 68 0
7 22 68 0
7 24 68 0
7 26 68 0
7 28 68 0
7 30 68 0
7 32 68 0
7 34 68 0
7 36 68 0
7 38 68 0
7 40 68 0
7 42 68 0
7 44 68 0
7 46 68 0
7 48 68 0
7 50 68 0
7 52 68 0
7 54 68 0
7 56 68 0
7 58 68 0
7 60 68 0
7 62 68 0
7 64 68 0
7 66 68 0
7 68 68 0
7 70 68 0
7 72 68 0
7 74 68 0
7 76 68 0
7 78 68 0
7 80 68 0
7 82 68 0
7 84 68 0
7 86 68 0
7 88 68 0
7 90 68 0
7 92 68 0
7 94 68 0
7 96 68 0
7 98 68 0
7 100 68 0
7 102 68 0
7 104 68 0
7 106 68 0
7 108 68 0
7 110 68 0
7 112 68 0
7 114 68 0
7 116 68 0
7 118 68 0
7 120 68 0
7 122 68 0
7 124 68 0
7 126 68 0
7 128 68 0
7 130 68 0
7 132 68 0
7 134 68 0
7 136 68 0
7 138 68 0
7 140 68 0
7 3 70 0
7 5 70 0
7 7 70 0
7 9 70 0
7 11 70 0
7 13 70 0
7 15 70 0
7 17 70 0
7 19 70 0
7 21 70 0
7 23 70 0
7 25 70 0
7 27 70 0
7 29 70 0
7 31 70 0
7 33 70 0
7 35 70 0
7 37 70 0
7 39 70 0
7 41 70 0
7 43 70 0
7 45 70 0
7 47 70 0
7 49 70 0
7 51 70 0
7 53 70 0
7 55 70 0
7 57 70 0
7 59 70 0
7 61 70 0
7 63 70 0
7 65 70 0
7 67 70 0
7 69 70 0
7 71 70 0
7 73 70 0
7 75 70 0
7 77 70 0
7 79 70 0
7 81 70 0
7 83 70 0
7 85 70 0
7 87 70 0
7 89 70 0
7 91 70 0
7 93 70 0
7 95 70 0
7 97 70 0
7 99 70 0
7 101 70 0
7 103 70 0
7 105 70 0
7 107 70 0
7 109 70 0
7 111 70 0
7 113 70 0
7 115 70 0
7 117 70 0
7 119 70 0
7 121 70 0
7 123 70 0
7 125 70 0
7 127 70 0
7 129 70 0
7 131 70 0
7 133 70 0
7 135 70 0
7 137 70 0
7 139 70 0
7 4 72 0
7 6 72 0
7 8 72 0
7 10 72 0
7 12 72 0
7 14 72 0
7 16 72 0
7 18 72 0
7 20 72 0
7 22 72 0
7 24 72 0
7 26 72 0
7 28 72 0
7 30 72 0
7 32 72 0
7 34 72 0
7 36 72 0
7 38 72 0
7 40 72 0
7 42 72 0
7 44 72 0
7 46 72 0
7 48 72 0
7 50 72 0
7 52 72 0
7 54 72 0
7 56 72 0
7 58 72 0
7 60 72 0
7 62 72 0
7 64 72 0
7 66 72 0
7 68 72 0
7 70 72 0
7 72 72 0
7 74 72 0
7 76 72 0
7 78 72 0
7 80 72 0
7 82 72 0
7 84 72 0
7 86 72 0
7 88 72 0
7 90 72 0
7 92 72 0
7 94 72 0
7 96 72 0
7 98 72 0
7 100 72 0
7 102 72 0
7 104 72 0
7 106 72 0
7 108 72 0
7 110 72 0
7 112 72 0
7 114 72 0
7 116 72 0
7 118 72 0
7 120 72 0
7 122 72 0
7 124 72 0
7 126 72 0
7 128 72 0
7 130 72 0
7 132 72 0
7 134 72 0
7 136 72 0
7 138 72 0
7 140 72 0
7 5 74 0
7 7 74 0
7 9 74 0
7 11 74 0
7 13 74 0
7 15 74 0
7 17 74 0
7 19 74 0
7 21 74 0
7 23 74 0
7 25 74 0
7 27 74 0
7 29 74 0
7 31 74 0
7 33 74 0
7 35 74 0
7 37 74 0
7 39 74 0
7 41 74 0
7 43 74 0
7 45 74 0
7 47 74 0
7 49 74 0
7 51 74 0
7 53 74 0
7 55 74 0
7 57 74 0
7 59 74 0
7 61 74 0
7 63 74 0
7 65 74 0
7 67 74 0
7 69 74 0
7 71 74 0
7 73 74 0
7 75 74 0
7 77 74 0
7 79 74 0
7 81 74 0
7 83 74 0
7 85 74 0
7 87 74 0
7 89 74 0
7 91 74 0
7 93 74 0
7 95 74 0
7 97 74 0
7 99 74 0
7 101 74 0
7 103 74 0
7 105 74 0
7 107 74 0
7 109 74 0
7 111 74 0
7 113 74 0
7 115 74 0
7 117 74 0
7 119 74 0
7 121 74 0
7 123 74 0
7 125 74 0
7 127 74 0
7 129 74 0
7 131 74 0
7 133 74 0
7 135 74 0
7 137 74 0
7 139 74 0
7 6 76 0
7 8 76 0
7 10 76 0
7 12 76 0
7 14 76 0
7 16 76 0
7 18 76 0
7 20 76 0
7 22 76 0
7 24 76 0
7 26 76 0
7 28 76 0
7 30 76 0
7 32 76 0
7 34 76 0
7 36 76 0
7 38 76 0
7 40 76 0
7 42 76 0
7 44 76 0
7 46 76 0
7 48 76 0
7 50 76 0
7 52 76 0
7 54 76 0
7 56 76 0
7 58 76 0
7 60 76 0
7 62 76 0
7 64 76 0
7 66 76 0
7 68 76 0
7 70 76 0
7 72 76 0
7 74 76 0
7 76 76 0
7 78 76 0
7 80 76 0
7 82 76 0
7 84 76 0
7 86 76 0
7 88 76 0
7 90 76 0
7 92 76 0
7 94 76 0
7 96 76 0
7 98 76 0
7 100 76 0
7 102 76 0
7 104 76 0
7 106 76 0
7 108 76 0
7 110 76 0
7 112 76 0
7 114 76 0
7 116 76 0
7 118 76 0
7 120 76 0
7 122 76 0
7 124 76 0
7 126 76 0
7 128 76 0
7 130 76 0
7 132 76 0
7 134 76 0
7 136 76 0
7 138 76 0
7 140 76 0
7 7 78 0
7 9 78 0
7 11 78 0
7 13 78 0
7 15 78 0
7 17 78 0
7 19 78 0
7 21 78 0
7 23 78 0
7 25 78 0
7 27 78 0
7 29 78 0
7 31 78 0
7 33 78 0
7 35 78 0
7 37 78 0
7 39 78 0
7 41 78 0
7 43 78 0
7 45 78 0
7 47 78 0
7 49 78 0
7 51 78 0
7 53 78 0
7 55 78 0
7 57 78 0
7 59 78 0
7 61 78 0
7 63 78 0
7 65 78 0
7 67 78 0
7 69 78 0
7 71 78 0
7 73 78 0
7 75 78 0
7 77 78 0
7 79 78 0
7 81 78 0
7 83 78 0
7 85 78 0
7 87 78 0
7 89 78 0
7 91 78 0
7 93 78 0
7 95 78 0
7 97 78 0
7 99 78 0
7 101 78 0
7 103 78 0
7 105 78 0
7 107 78 0
7 109 78 0
7 111 78 0
7 113 78 0
7 115 78 0
7 117 78 0
7 119 78 0
7 121 78 0
7 123 78 0
7 125 78 0
7 127 78 0
7 129 78 0
7 131 78 0
7 133 78 0
7 135 78 0
7 137 78 0
7 139 78 0
7 8 80 0
7 10 80 0
7 12 80 0
7 14 80 0
7 16 80 0
7 18 80 0
7 20 80 0
7 22 80 0
7 24 80 0
7 26 80 0
7 28 80 0
7 30 80 0
7 32 80 0
7 34 80 0
7 36 80 0
7 38 80 0
7 40 80 0
7 42 80 0
7 44 80 0
7 46 80 0
7 48 80 0
7 50 80 0
7 52 80 0
7 54 80 0
7 56 80 0
7 58 80 0
7 60 80 0
7 62 80 0
7 64 80 0
7 66 80 0
7 68 80 0
7 70 80 0
7 72 80 0
7 74 80 0
7 76 80 0
7 78 80 0
7 80 80 0
7 82 80 0
7 84 80 0
7 86 80 0
7 88 80 0
7 90 80 0
7 92 80 0
7 94 80 0
7 96 80 0
7 98 80 0
7 100 80 0
7 102 80 0
7 104 80 0
7 106 80 0
7 108 80 0
7 110 80 0
7 112 80 0
7 114 80 0
7 116 80 0
7 118 80 0
7 120 80 0
7 122 80 0
7 124 80 0
7 126 80 0
7 128 80 0
7 130 80 0
7 132 80 0
7 134 80 0
7 136 80 0
7 138 80 0
7 140 80 0
7 9 82 0
7 11 82 0
7 13 82 0
7 15 82 0
7 17 82 0
7 19 82 0
7 21 82 0
7 23 82 0
7 25 82 0
7 27 82 0
7 29 82 0
7 31 82 0
7 33 82 0
7 35 82 0
7 37 82 0
7 39 82 0
7 41 82 0
7 43 82 0
7 45 82 0
7 47 82 0
7 49 82 0
7 51 82 0
7 53 82 0
7 55 82 0
7 57 82 0
7 59 82 0
7 61 82 0
7 63 82 0
7 65 82 0
7 67 82 0
7 69 82 0
7 71 82 0
7 73 82 0
7 75 82 0
7 77 82 0
7 79 82 0
7 81 82 0
7 83 82 0
7 85 82 0
7 87 82 0
7 89 82 0
7 91 82 0
7 93 82 0
7 95 82 0
7 97 82 0
7 99 82 0
7 101 82 0
7 103 82 0
7 105 82 0
7 107 82 0
7 109 82 0
7 111 82 0
7 113 82 0
7 115 82 0
7 117 82 0
7 119 82 0
7 121 82 0
7 123 82 0
7 125 82 0
7 127 82 0
7 129 82 0
7 131 82 0
7 133 82 0
7 135 82 0
7 137 82 0
7 139 82 0
7 10 84 0
7 12 84 0
7 14 84 0
7 16 84 0
7 18 84 0
7 20 84 0
7 22 84 0
7 24 84 0
7 26 84 0
7 28 84 0
7 30 84 0
7 32 84 0
7 34 84 0
7 36 84 0
7 38 84 0
7 40 84 0
7 42 84 0
7 44 84 0
7 46 84 0
7 48 84 0
7 50 84 0
7 52 84 0
7 54 84 0
7 56 84 0
7 58 84 0
7 60 84 0
7 62 84 0
7 64 84 0
7 66 84 0
7 68 84 0
7 70 84 0
7 72 84 0
7 74 84 0
7 76 84 0
7 78 84 0
7 80 84 0
7 82 84 0
7 84 84 0
7 86 84 0
7 88 84 0
7 90 84 0
7 92 84 0
7 94 84 0
7 96 84 0
7 98 84 0
7 100 84 0
7 102 84 0
7 104 84 0
7 106 84 0
7 108 84 0
7 110 84 0
7 112 84 0
7 114 84 0
7 116 84 0
7 118 84 0
7 120 84 0
7 122 84 0
7 124 84 0
7 126 84 0
7 128 84 0
7 130 84 0
7 132 84 0
7 134 84 0
7 136 84 0
7 138 84 0
7 140 84 0
7 11 86 0
7 13 86 0
7 15 86 0
7 17 86 0
7 19 86 0
7 21 86 0
7 23 86 0
7 25 86 0
7 27 86 0
7 29 86 0
7 31 86 0
7 33 86 0
7 35 86 0
7 37 86 0
7 39 86 0
7 41 86 0
7 43 86 0
7 45 86 0
7 47 86 0
7 49 86 0
7 51 86 0
7 53 86 0
7 55 86 0
7 57 86 0
7 59 86 0
7 61 86 0
7 63 86 0
7 65 86 0
7 67 86 0
7 69 86 0
7 71 86 0
7 73 86 0
7 75 86 0
7 77 86 0
7 79 86 0
7 81 86 0
7 83 86 0
7 85 86 0
7 87 86 0
7 89 86 0
7 91 86 0
7 93 86 0
7 95 86 0
7 97 86 0
7 99 86 0
7 101 86 0
7 103 86 0
7 105 86 0
7 107 86 0
7 109 86 0
7 111 86 0
7 113 86 0
7 115 86 0
7 117 86 0
7 119 86 0
7 121 86 0
7 123 86 0
7 125 86 0
7 127 86 0
7 129 86 0
7 131 86 0
7 133 86 0
7 135 86 0
7 137 86 0
7 139 86 0
7 12 88 0
7 14 88 0
7 16 88 0
7 18 88 0
7 20 88 0
7 22 88 0
7 24 88 0
7 26 88 0
7 28 88 0
7 30 88 0
7 32 88 0
7 34 88 0
7 36 88 0
7 38 88 0
7 40 88 0
7 42 88 0
7 44 88 0
7 46 88 0
7 48 88 0
7 50 88 0
7 52 88 0
7 54 88 0
7 56 88 0
7 58 88 0
7 60 88 0
7 62 88 0
7 64 88 0
7 66 88 0
7 68 88 0
7 70 88 0
7 72 88 0
7 74 88 0
7 76 88 0
7 78 88 0
7 80 88 0
7 82 88 0
7 84 88 0
7 86 88 0
7 88 88 0
7 90 88 0
7 92 88 0
7 94 88 0
7 96 88 0
7 98 88 0
7 100 88 0
7 102 88 0
7 104 88 0
7 106 88 0
7 108 88 0
7 110 88 0
7 112 88 0
7 114 88 0
7 116 88 0
7 118 88 0
7 120 88 0
7 122 88 0
7 124 88 0
7 126 88 0
7 128 88 0
7 130 88 0
7 132 88 0
7 134 88 0
7 136 88 0
7 138 88 0
7 140 88 0
7 13 90 0
7 15 90 0
7 17 90 0
7 19 90 0
7 21 90 0
7 23 90 0
7 25 90 0
7 27 90 0
7 29 90 0
7 31 90 0
7 33 90 0
7 35 90 0
7 37 90 0
7 39 90 0
7 41 90 0
7 43 90 0
7 45 90 0
7 47 90 0
7 49 90 0
7 51 90 0
7 53 90 0
7 55 90 0
7 57 90 0
7 59 90 0
7 61 90 0
7 63 90 0
7 65 90 0
7 67 90 0
7 69 90 0
7 71 90 0
7 73 90 0
7 75 90 0
7 77 90 0
7 79 90 0
7 81 90 0
7 83 90 0
7 85 90 0
7 87 90 0
7 89 90 0
7 91 90 0
7 93 90 0
7 95 90 0
7 97 90 0
7 99 90 0
7 101 90 0
7 103 90 0
7 105 90 0
7 107 90 0
7 109 90 0
7 111 90 0
7 113 90 0
7 115 90 0
7 117 90 0
7 119 90 0
7 121 90 0
7 123 90 0
7 125 90 0
7 127 90 0
7 129 90 0
7 131 90 0
7 133 90 0
7 135 90 0
7 137 90 0
7 139 90 0
7 14 92 0
7 16 92 0
7 18 92 0
7 20 92 0
7 22 92 0
7 24 92 0
7 26 92 0
7 28 92 0
7 30 92 0
7 32 92 0
7 34 92 0
7 36 92 0
7 38 92 0
7 40 92 0
7 42 92 0
7 44 92 0
7 46 92 0
7 48 92 0
7 50 92 0
7 52 92 0
7 54 92 0
7 56 92 0
7 58 92 0
7 60 92 0
7 62 92 0
7 64 92 0
7 66 92 0
7 68 92 0
7 70 92 0
7 72 92 0
7 74 92 0
7 76 92 0
7 78 92 0
7 80 92 0
7 82 92 0
7 84 92 0
7 86 92 0
7 88 92 0
7 90 92 0
7 92 92 0
7 94 92 0
7 96 92 0
7 98 92 0
7 100 92 0
7 102 92 0
7 104 92 0
7 106 92 0
7 108 92 0
7 110 92 0
7 112 92 0
7 114 92 0
7 116 92 0
7 118 92 0
7 120 92 0
7 122 92 0
7 124 92 0
7 126 92 0
7 128 92 0
7 130 92 0
7 132 92 0
7 134 92 0
7 136 92 0
7 138 92 0
7 140 92 0
7 15 94 0
7 17 94 0
7 19 94 0
7 21 94 0
7 23 94 0
7 25 94 0
7 27 94 0
7 29 94 0
7 31 94 0
7 33 94 0
7 35 94 0
7 37 94 0
7 39 94 0
7 41 94 0
7 43 94 0
7 45 94 0
7 47 94 0
7 49 94 0
7 51 94 0
7 53 94 0
7 55 94 0
7 57 94 0
7 59 94 0
7 61 94 0
7 63 94 0
7 65 94 0
7 67 94 0
7 69 94 0
7 71 94 0
7 73 94 0
7 75 94 0
7 77 94 0
7 79 94 0
7 81 94 0
7 83 94 0
7 85 94 0
7 87 94 0
7 89 94 0
7 91 94 0
7 93 94 0
7 95 94 0
7 97 94 0
7 99 94 0
7 101 94 0
7 103 94 0
7 105 94 0
7 107 94 0
7 109 94 0
7 111 94 0
7 113 94 0
7 115 94 0
7 117 94 0
7 119 94 0
7 121 94 0
7 123 94 0
7 125 94 0
7 127 94 0
7 129 94 0
7 131 94 0
7 133 94 0
7 135 94 0
7 137 94 0
7 139 94 0
7 16 96 0
7 18 96 0
7 20 96 0
7 22 96 0
7 24 96 0
7 26 96 0
7 28 96 0
7 30 96 0
7 32 96 0
7 34 96 0
7 36 96 0
7 38 96 0
7 40 96 0
7 42 96 0
7 44 96 0
7 46 96 0
7 48 96 0
7 50 96 0
7 52 96 0
7 54 96 0
7 56 96 0
7 58 96 0
7 60 96 0
7 62 96 0
7 64 96 0
7 66 96 0
7 68 96 0
7 70 96 0
7 72 96 0
7 74 96 0
7 76 96 0
7 78 96 0
7 80 96 0
7 82 96 0
7 84 96 0
7 86 96 0
7 88 96 0
7 90 96 0
7 92 96 0
7 94 96 0
7 96 96 0
7 98 96 0
7 100 96 0
7 102 96 0
7 104 96 0
7 106 96 0
7 108 96 0
7 110 96 0
7 112 96 0
7 114 96 0
7 116 96 0
7 118 96 0
7 120 96 0
7 122 96 0
7 124 96 0
7 126 96 0
7 128 96 0
7 130 96 0
7 132 96 0
7 134 96 0
7 136 96 0
7 138 96 0
7 140 96 0
7 17 98 0
7 19 98 0
7 21 98 0
7 23 98 0
7 25 98 0
7 27 98 0
7 29 98 0
7 31 98 0
7 33 98 0
7 35 98 0
7 37 98 0
7 39 98 0
7 41 98 0
7 43 98 0
7 45 98 0
7 47 98 0
7 49 98 0
7 51 98 0
7 53 98 0
7 55 98 0
7 57 98 0
7 59 98 0
7 61 98 0
7 63 98 0
7 65 98 0
7 67 98 0
7 69 98 0
7 71 98 0
7 73 98 0
7 75 98 0
7 77 98 0
7 79 98 0
7 81 98 0
7 83 98 0
7 85 98 0
7 87 98 0
7 89 98 0
7 91 98 0
7 93 98 0
7 95 98 0
7 97 98 0
7 99 98 0
7 101 98 0
7 103 98 0
7 105 98 0
7 107 98 0
7 109 98 0
7 111 98 0
7 113 98 0
7 115 98 0
7 117 98 0
7 119 98 0
7 121 98 0
7 123 98 0
7 125 98 0
7 127 98 0
7 129 98 0
7 131 98 0
7 133 98 0
7 135 98 0
7 137 98 0
7 139 98 0
7 18 100 0
7 20 100 0
7 22 100 0
7 24 100 0
7 26 100 0
7 28 100 0
7 30 100 0
7 32 100 0
7 34 100 0
7 36 100 0
7 38 100 0
7 40 100 0
7 42 100 0
7 44 100 0
7 46 100 0
7 48 100 0
7 50 100 0
7 52 100 0
7 54 100 0
7 56 100 0
7 58 100 0
7 60 100 0
7 62 100 0
7 64 100 0
7 66 100 0
7 68 100 0
7 70 100 0
7 72 100 0
7 74 100 0
7 76 100 0
7 78 100 0
7 80 100 0
7 82 100 0
7 84 100 0
7 86 100 0
7 88 100 0
7 90 100 0
7 92 100 0
7 94 100 0
7 96 100 0
7 98 100 0
7 100 100 0
7 102 100 0
7 104 100 0
7 106 100 0
7 108 100 0
7 110 100 0
7 112 100 0
7 114 100 0
7 116 100 0
7 118 100 0
7 120 100 0
7 122 100 0
7 124 100 0
7 126 100 0
7 128 100 0
7 130 100 0
7 132 100 0
7 134 100 0
7 136 100 0
7 138 100 0
7 140 100 0
7 19 102 0
7 21 102 0
7 23 102 0
7 25 102 0
7 27 102 0
7 29 102 0
7 31 102 0
7 33 102 0
7 35 102 0
7 37 102 0
7 39 102 0
7 41 102 0
7 43 102 0
7 45 102 0
7 47 102 0
7 49 102 0
7 51 102 0
7 53 102 0
7 55 102 0
7 57 102 0
7 59 102 0
7 61 102 0
7 63 102 0
7 65 102 0
7 67 102 0
7 69 102 0
7 71 102 0
7 73 102 0
7 75 102 0
7 77 102 0
7 79 102 0
7 81 102 0
7 83 102 0
7 85 102 0
7 87 102 0
7 89 102 0
7 91 102 0
7 93 102 0
7 95 102 0
7 97 102 0
7 99 102 0
7 101 102 0
7 103 102 0
7 105 102 0
7 107 102 0
7 109 102 0
7 111 102 0
7 113 102 0
7 115 102 0
7 117 102 0
7 119 102 0
7 121 102 0
7 123 102 0
7 125 102 0
7 127 102 0
7 129 102 0
7 131 102 0
7 133 102 0
7 135 102 0
7 137 102 0
7 139 102 0
7 20 104 0
7 22 104 0
7 24 104 0
7 26 104 0
7 28 104 0
7 30 104 0
7 32 104 0
7 34 104 0
7 36 104 0
7 38 104 0
7 40 104 0
7 42 104 0
7 44 104 0
7 46 104 0
7 48 104 0
7 50 104 0
7 52 104 0
7 54 104 0
7 56 104 0
7 58 104 0
7 60 104 0
7 62 104 0
7 64 104 0
7 66 104 0
7 68 104 0
7 70 104 0
7 72 104 0
7 74 104 0
7 76 104 0
7 78 104 0
7 80 104 0
7 82 104 0
7 84 104 0
7 86 104 0
7 88 104 0
7 90 104 0
7 92 104 0
7 94 104 0
7 96 104 0
7 98 104 0
7 100 104 0
7 102 104 0
7 104 104 0
7 106 104 0
7 108 104 0
7 110 104 0
7 112 104 0
7 114 104 0
7 116 104 0
7 118 104 0
7 120 104 0
7 122 104 0
7 124 104 0
7 126 104 0
7 128 104 0
7 130 104 0
7 132 104 0
7 134 104 0
7 136 104 0
7 138 104 0
7 140 104 0
7 21 106 0
7 23 106 0
7 25 106 0
7 27 106 0
7 29 106 0
7 31 106 0
7 33 106 0
7 35 106 0
7 37 106 0
7 39 106 0
7 41 106 0
7 43 106 0
7 45 106 0
7 47 106 0
7 49 106 0
7 51 106 0
7 53 106 0
7 55 106 0
7 57 106 0
7 59 106 0
7 61 106 0
7 63 106 0
7 65 106 0
7 67 106 0
7 69 106 0
7 71 106 0
7 73 106 0
7 75 106 0
7 77 106 0
7 79 106 0
7 81 106 0
7 83 106 0
7 85 106 0
7 87 106 0
7 89 106 0
7 91 106 0
7 93 106 0
7 95 106 0
7 97 106 0
7 99 106 0
7 101 106 0
7 103 106 0
7 105 106 0
7 107 106 0
7 109 106 0
7 111 106 0
7 113 106 0
7 115 106 0
7 117 106 0
7 119 106 0
7 121 106 0
7 123 106 0
7 125 106 0
7 127 106 0
7 129 106 0
7 131 106 0
7 133 106 0
7 135 106 0
7 137 106 0
7 139 106 0
7 22 108 0
7 24 108 0
7 26 108 0
7 28 108 0
7 30 108 0
7 32 108 0
7 34 108 0
7 36 108 0
7 38 108 0
7 40 108 0
7 42 108 0
7 44 108 0
7 46 108 0
7 48 108 0
7 50 108 0
7 52 108 0
7 54 108 0
7 56 108 0
7 58 108 0
7 60 108 0
7 62 108 0
7 64 108 0
7 66 108 0
7 68 108 0
7 70 108 0
7 72 108 0
7 74 108 0
7 76 108 0
7 78 108 0
7 80 108 0
7 82 108 0
7 84 108 0
7 86 108 0
7 88 108 0
7 90 108 0
7 92 108 0
7 94 108 0
7 96 108 0
7 98 108 0
7 100 108 0
7 102 108 0
7 104 108 0
7 106 108 0
7 108 108 0
7 110 108 0
7 112 108 0
7 114 108 0
7 116 108 0
7 118 108 0
7 120 108 0
7 122 108 0
7 124 108 0
7 126 108 0
7 128 108 0
7 130 108 0
7 132 108 0
7 134 108 0
7 136 108 0
7 138 108 0
7 140 108 0
7 23 110 0
7 25 110 0
7 27 110 0
7 29 110 0
7 31 110 0
7 33 110 0
7 35 110 0
7 37 110 0
7 39 110 0
7 41 110 0
7 43 110 0
7 45 110 0
7 47 110 0
7 49 110 0
7 51 110 0
7 53 110 0
7 55 110 0
7 57 110 0
7 59 110 0
7 61 110 0
7 63 110 0
7 65 110 0
7 67 110 0
7 69 110 0
7 71 110 0
7 73 110 0
7 75 110 0
7 77 110 0
7 79 110 0
7 81 110 0
7 83 110 0
7 85 110 0
7 87 110 0
7 89 110 0
7 91 110 0
7 93 110 0
7 95 110 0
7 97 110 0
7 99 110 0
7 101 110 0
7 103 110 0
7 105 110 0
7 107 110 0
7 109 110 0
7 111 110 0
7 113 110 0
7 115 110 0
7 117 110 0
7 119 110 0
7 121 110 0
7 123 110 0
7 125 110 0
7 127 110 0
7 129 110 0
7 131 110 0
7 133 110 0
7 135 110 0
7 137 110 0
7 139 110 0
7 24 112 0
7 26 112 0
7 28 112 0
7 30 112 0
7 32 112 0
7 34 112 0
7 36 112 0
7 38 112 0
7 40 112 0
7 42 112 0
7 44 112 0
7 46 112 0
7 48 112 0
7 50 112 0
7 52 112 0
7 54 112 0
7 56 112 0
7 58 112 0
7 60 112 0
7 62 112 0
7 64 112 0
7 66 112 0
7 68 112 0
7 70 112 0
7 72 112 0
7 74 112 0
7 76 112 0
7 78 112 0
7 80 112 0
7 82 112 0
7 84 112 0
7 86 112 0
7 88 112 0
7 90 112 0
7 92 112 0
7 94 112 0
7 96 112 0
7 98 112 0
7 100 112 0
7 102 112 0
7 104 112 0
7 106 112 0
7 108 112 0
7 110 112 0
7 112 112 0
7 114 112 0
7 116 112 0
7 118 112 0
7 120 112 0
7 122 112 0
7 124 112 0
7 126 112 0
7 128 112 0
7 130 112 0
7 132 112 0
7 134 112 0
7 136 112 0
7 138 112 0
7 140 112 0
7 25 114 0
7 27 114 0
7 29 114 0
7 31 114 0
7 33 114 0
7 35 114 0
7 37 114 0
7 39 114 0
7 41 114 0
7 43 114 0
7 45 114 0
7 47 114 0
7 49 114 0
7 51 114 0
7 53 114 0
7 55 114 0
7 57 114 0
7 59 114 0
7 61 114 0
7 63 114 0
7 65 114 0
7 67 114 0
7 69 114 0
7 71 114 0
7 73 114 0
7 75 114 0
7 77 114 0
7 79 114 0
7 81 114 0
7 83 114 0
7 85 114 0
7 87 114 0
7 89 114 0
7 91 114 0
7 93 114 0
7 95 114 0
7 97 114 0
7 99 114 0
7 101 114 0
7 103 114 0
7 105 114 0
7 107 114 0
7 109 114 0
7 111 114 0
7 113 114 0
7 115 114 0
7 117 114 0
7 119 114 0
7 121 114 0
7 123 114 0
7 125 114 0
7 127 114 0
7 129 114 0
7 131 114 0
7 133 114 0
7 135 114 0
7 137 114 0
7 139 114 0
7 24 116 0
7 26 116 0
7 28 116 0
7 30 116 0
7 32 116 0
7 34 116 0
7 36 116 0
7 38 116 0
7 40 116 0
7 42 116 0
7 44 116 0
7 46 116 0
7 48 116 0
7 50 116 0
7 52 116 0
7 54 116 0
7 56 116 0
7 58 116 0
7 60 116 0
7 62 116 0
7 64 116 0
7 66 116 0
7 68 116 0
7 70 116 0
7 72 116 0
7 74 116 0
7 76 116 0
7 78 116 0
7 80 116 0
7 82 116 0
7 84 116 0
7 86 116 0
7 88 116 0
7 90 116 0
7 92 116 0
7 94 116 0
7 96 116 0
7 98 116 0
7 100 116 0
7 102 116 0
7 104 116 0
7 106 116 0
7 108 116 0
7 110 116 0
7 112 116 0
7 114 116 0
7 116 116 0
7 118 116 0
7 120 116 0
7 122 116 0
7 124 116 0
7 126 116 0
7 128 116 0
7 130 116 0
7 132 116 0
7 134 116 0
7 136 116 0
7 138 116 0
7 140 116 0
7 25 118 0
7 27 118 0
7 29 118 0
7 31 118 0
7 33 118 0
7 35 118 0
7 37 118 0
7 39 118 0
7 41 118 0
7 43 118 0
7 45 118 0
7 47 118 0
7 49 118 0
7 51 118 0
7 53 118 0
7 55 118 0
7 57 118 0
7 59 118 0
7 61 118 0
7 63 118 0
7 65 118 0
7 67 118 0
7 69 118 0
7 71 118 0
7 73 118 0
7 75 118 0
7 77 118 0
7 79 118 0
7 81 118 0
7 83 118 0
7 85 118 0
7 87 118 0
7 89 118 0
7 91 118 0
7 93 118 0
7 95 118 0
7 97 118 0
7 99 118 0
7 101 118 0
7 103 118 0
7 105 118 0
7 107 118 0
7 109 118 0
7 111 118 0
7 113 118 0
7 115 118 0
7 117 118 0
7 119 118 0
7 121 118 0
7 123 118 0
7 125 118 0
7 127 118 0
7 129 118 0
7 131 118 0
7 133 118 0
7 135 118 0
7 137 118 0
7 139 118 0
7 26 120 0
7 28 120 0
7 30 120 0
7 32 120 0
7 34 120 0
7 36 120 0
7 38 120 0
7 40 120 0
7 42 120 0
7 44 120 0
7 46 120 0
7 48 120 0
7 50 120 0
7 52 120 0
7 54 120 0
7 56 120 0
7 58 120 0
7 60 120 0
7 62 120 0
7 64 120 0
7 66 120 0
7 68 120 0
7 70 120 0
7 72 120 0
7 74 120 0
7 76 120 0
7 78 120 0
7 80 120 0
7 82 120 0
7 84 120 0
7 86 120 0
7 88 120 0
7 90 120 0
7 92 120 0
7 94 120 0
7 96 120 0
7 98 120 0
7 100 120 0
7 102 120 0
7 104 120 0
7 106 120 0
7 108 120 0
7 110 120 0
7 112 120 0
7 114 120 0
7 116 120 0
7 118 120 0
7 120 120 0
7 122 120 0
7 124 120 0
7 126 120 0
7 128 120 0
7 130 120 0
7 132 120 0
7 134 120 0
7 136 120 0
7 138 120 0
7 140 120 0
7 25 122 0
7 27 122 0
7 29 122 0
7 31 122 0
7 33 122 0
7 35 122 0
7 37 122 0
7 39 122 0
7 41 122 0
7 43 122 0
7 45 122 0
7 47 122 0
7 49 122 0
7 51 122 0
7 53 122 0
7 55 122 0
7 57 122 0
7 59 122 0
7 61 122 0
7 63 122 0
7 65 122 0
7 67 122 0
7 69 122 0
7 71 122 0
7 73 122 0
7 75 122 0
7 77 122 0
7 79 122 0
7 81 122 0
7 83 122 0
7 85 122 0
7 87 122 0
7 89 122 0
7 91 122 0
7 93 122 0
7 95 122 0
7 97 122 0
7 99 122 0
7 101 122 0
7 103 122 0
7 105 122 0
7 107 122 0
7 109 122 0
7 111 122 0
7 113 122 0
7 115 122 0
7 117 122 0
7 119 122 0
7 121 122 0
7 123 122 0
7 125 122 0
7 127 122 0
7 129 122 0
7 131 122 0
7 133 122 0
7 135 122 0
7 137 122 0
7 139 122 0
7 26 124 0
7 28 124 0
7 30 124 0
7 32 124 0
7 34 124 0
7 36 124 0
7 38 124 0
7 40 124 0
7 42 124 0
7 44 124 0
7 46 124 0
7 48 124 0
7 50 124 0
7 52 124 0
7 54 124 0
7 56 124 0
7 58 124 0
7 60 124 0
7 62 124 0
7 64 124 0
7 66 124 0
7 68 124 0
7 70 124 0
7 72 124 0
7 74 124 0
7 76 124 0
7 78 124 0
7 80 124 0
7 82 124 0
7 84 124 0
7 86 124 0
7 88 124 0
7 90 124 0
7 92 124 0
7 94 124 0
7 96 124 0
7 98 124 0
7 100 124 0
7 102 124 0
7 104 124 0
7 106 124 0
7 108 124 0
7 110 124 0
7 112 124 0
7 114 124 0
7 116 124 0
7 118 124 0
7 120 124 0
7 122 124 0
7 124 124 0
7 126 124 0
7 128 124 0
7 130 124 0
7 132 124 0
7 134 124 0
7 136 124 0
7 138 124 0
7 140 124 0
7 27 126 0
7 29 126 0
7 31 126 0
7 33 126 0
7 35 126 0
7 37 126 0
7 39 126 0
7 41 126 0
7 43 126 0
7 45 126 0
7 47 126 0
7 49 126 0
7 51 126 0
7 53 126 0
7 55 126 0
7 57 126 0
7 59 126 0
7 61 126 0
7 63 126 0
7 65 126 0
7 67 126 0
7 69 126 0
7 71 126 0
7 73 126 0
7 75 126 0
7 77 126 0
7 79 126 0
7 81 126 0
7 83 126 0
7 85 126 0
7 87 126 0
7 89 126 0
7 91 126 0
7 93 126 0
7 95 126 0
7 97 126 0
7 99 126 0
7 101 126 0
7 103 126 0
7 105 126 0
7 107 126 0
7 109 126 0
7 111 126 0
7 113 126 0
7 115 126 0
7 117 126 0
7 119 126 0
7 121 126 0
7 123 126 0
7 125 126 0
7 127 126 0
7 129 126 0
7 131 126 0
7 133 126 0
7 135 126 0
7 137 126 0
7 139 126 0
7 26 128 0
7 28 128 0
7 30 128 0
7 32 128 0
7 34 128 0
7 36 128 0
7 38 128 0
7 40 128 0
7 42 128 0
7 44 128 0
7 46 128 0
7 48 128 0
7 50 128 0
7 52 128 0
7 54 128 0
7 56 128 0
7 58 128 0
7 60 128 0
7 62 128 0
7 64 128 0
7 66 128 0
7 68 128 0
7 70 128 0
7 72 128 0
7 74 128 0
7 76 128 0
7 78 128 0
7 80 128 0
7 82 128 0
7 84 128 0
7 86 128 0
7 88 128 0
7 90 128 0
7 92 128 0
7 94 128 0
7 96 128 0
7 98 128 0
7 100 128 0
7 102 128 0
7 104 128 0
7 106 128 0
7 108 128 0
7 110 128 0
7 112 128 0
7 114 128 0
7 116 128 0
7 118 128 0
7 120 128 0
7 122 128 0
7 124 128 0
7 126 128 0
7 128 128 0
7 130 128 0
7 132 128 0
7 134 128 0
7 136 128 0
7 138 128 0
7 140 128 0
7 27 130 0
7 29 130 0
7 31 130 0
7 33 130 0
7 35 130 0
7 37 130 0
7 39 130 0
7 41 130 0
7 43 130 0
7 45 130 0
7 47 130 0
7 49 130 0
7 51 130 0
7 53 130 0
7 55 130 0
7 57 130 0
7 59 130 0
7 61 130 0
7 63 130 0
7 65 130 0
7 67 130 0
7 69 130 0
7 71 130 0
7 73 130 0
7 75 130 0
7 77 130 0
7 79 130 0
7 81 130 0
7 83 130 0
7 85 130 0
7 87 130 0
7 89 130 0
7 91 130 0
7 93 130 0
7 95 130 0
7 97 130 0
7 99 130 0
7 101 130 0
7 103 130 0
7 105 130 0
7 107 130 0
7 109 130 0
7 111 130 0
7 113 130 0
7 115 130 0
7 117 130 0
7 119 130 0
7 121 130 0
7 123 130 0
7 125 130 0
7 127 130 0
7 129 130 0
7 131 130 0
7 133 130 0
7 135 130 0
7 137 130 0
7 139 130 0
7 28 132 0
7 30 132 0
7 32 132 0
7 34 132 0
7 36 132 0
7 38 132 0
7 40 132 0
7 42 132 0
7 44 132 0
7 46 132 0
7 48 132 0
7 50 132 0
7 52 132 0
7 54 132 0
7 56 132 0
7 58 132 0
7 60 132 0
7 62 132 0
7 64 132 0
7 66 132 0
7 68 132 0
7 70 132 0
7 72 132 0
7 74 132 0
7 76 132 0
7 78 132 0
7 80 132 0
7 82 132 0
7 84 132 0
7 86 132 0
7 88 132 0
7 90 132 0
7 92 132 0
7 94 132 0
7 96 132 0
7 98 132 0
7 100 132 0
7 102 132 0
7 104 132 0
7 106 132 0
7 108 132 0
7 110 132 0
7 112 132 0
7 114 132 0
7 116 132 0
7 118 132 0
7 120 132 0
7 122 132 0
7 124 132 0
7 126 132 0
7 128 132 0
7 130 132 0
7 132 132 0
7 134 132 0
7 136 132 0
7 138 132 0
7 140 132 0
7 27 134 0
7 29 134 0
7 31 134 0
7 33 134 0
7 35 134 0
7 37 134 0
7 39 134 0
7 41 134 0
7 43 134 0
7 45 134 0
7 47 134 0
7 49 134 0
7 51 134 0
7 53 134 0
7 55 134 0
7 57 134 0
7 59 134 0
7 61 134 0
7 63 134 0
7 65 134 0
7 67 134 0
7 69 134 0
7 71 134 0
7 73 134 0
7 75 134 0
7 77 134 0
7 79 134 0
7 81 134 0
7 83 134 0
7 85 134 0
7 87 134 0
7 89 134 0
7 91 134 0
7 93 134 0
7 95 134 0
7 97 134 0
7 99 134 0
7 101 134 0
7 103 134 0
7 105 134 0
7 107 134 0
7 109 134 0
7 111 134 0
7 113 134 0
7 115 134 0
7 117 134 0
7 119 134 0
7 121 134 0
7 123 134 0
7 125 134 0
7 127 134 0
7 129 134 0
7 131 134 0
7 133 134 0
7 135 134 0
7 137 134 0
7 139 134 0
7 28 136 0
7 30 136 0
7 32 136 0
7 34 136 0
7 36 136 0
7 38 136 0
7 40 136 0
7 42 136 0
7 44 136 0
7 46 136 0
7 48 136 0
7 50 136 0
7 52 136 0
7 54 136 0
7 56 136 0
7 58 136 0
7 60 136 0
7 62 136 0
7 64 136 0
7 66 136 0
7 68 136 0
7 70 136 0
7 72 136 0
7 74 136 0
7 76 136 0
7 78 136 0
7 80 136 0
7 82 136 0
7 84 136 0
7 86 136 0
7 88 136 0
7 90 136 0
7 92 136 0
7 94 136 0
7 96 136 0
7 98 136 0
7 100 136 0
7 102 136 0
7 104 136 0
7 106 136 0
7 108 136 0
7 110 136 0
7 112 136 0
7 114 136 0
7 116 136 0
7 118 136 0
7 120 136 0
7 122 136 0
7 124 136 0
7 126 136 0
7 128 136 0
7 130 136 0
7 132 136 0
7 134 136 0
7 136 136 0
7 138 136 0
7 140 136 0
7 29 138 0
7 31 138 0
7 33 138 0
7 35 138 0
7 37 138 0
7 39 138 0
7 41 138 0
7 43 138 0
7 45 138 0
7 47 138 0
7 49 138 0
7 51 138 0
7 53 138 0
7 55 138 0
7 57 138 0
7 59 138 0
7 61 138 0
7 63 138 0
7 65 138 0
7 67 138 0
7 69 138 0
7 71 138 0
7 73 138 0
7 75 138 0
7 77 138 0
7 79 138 0
7 81 138 0
7 83 138 0
7 85 138 0
7 87 138 0
7 89 138 0
7 91 138 0
7 93 138 0
7 95 138 0
7 97 138 0
7 99 138 0
7 101 138 0
7 103 138 0
7 105 138 0
7 107 138 0
7 109 138 0
7 111 138 0
7 113 138 0
7 115 138 0
7 117 138 0
7 119 138 0
7 121 138 0
7 123 138 0
7 125 138 0
7 127 138 0
7 129 138 0
7 131 138 0
7 133 138 0
7 135 138 0
7 137 138 0
7 139 138 0
7 28 140 0
7 30 140 0
7 32 140 0
7 34 140 0
7 36 140 0
7 38 140 0
7 40 140 0
7 42 140 0
7 44 140 0
7 46 140 0
7 48 140 0
7 50 140 0
7 52 140 0
7 54 140 0
7 56 140 0
7 58 140 0
7 60 140 0
7 62 140 0
7 64 140 0
7 66 140 0
7 68 140 0
7 70 140 0
7 72 140 0
7 74 140 0
7 76 140 0
7 78 140 0
7 80 140 0
7 82 140 0
7 84 140 0
7 86 140 0
7 88 140 0
7 90 140 0
7 92 140 0
7 94 140 0
7 96 140 0
7 98 140 0
7 100 140 0
7 102 140 0
7 104 140 0
7 106 140 0
7 108 140 0
7 110 140 0
7 112 140 0
7 114 140 0
7 116 140 0
7 118 140 0
7 120 140 0
7 122 140 0
7 124 140 0
7 126 140 0
7 128 140 0
7 130 140 0
7 132 140 0
7 134 140 0
7 136 140 0
7 138 140 0
7 140 140 0
7 29 142 0
7 31 142 0
7 33 142 0
7 35 142 0
7 37 142 0
7 39 142 0
7 41 142 0
7 43 142 0
7 45 142 0
7 47 142 0
7 49 142 0
7 51 142 0
7 53 142 0
7 55 142 0
7 57 142 0
7 59 142 0
7 61 142 0
7 63 142 0
7 65 142 0
7 67 142 0
7 69 142 0
7 71 142 0
7 73 142 0
7 75 142 0
7 77 142 0
7 79 142 0
7 81 142 0
7 83 142 0
7 85 142 0
7 87 142 0
7 89 142 0
7 91 142 0
7 93 142 0
7 95 142 0
7 97 142 0
7 99 142 0
7 101 142 0
7 103 142 0
7 105 142 0
7 107 142 0
7 109 142 0
7 111 142 0
7 113 142 0
7 115 142 0
7 117 142 0
7 119 142 0
7 121 142 0
7 123 142 0
7 125 142 0
7 127 142 0
7 129 142 0
7 131 142 0
7 133 142 0
7 135 142 0
7 137 142 0
7 139 142 0
7 30 144 0
7 32 144 0
7 34 144 0
7 36 144 0
7 38 144 0
7 40 144 0
7 42 144 0
7 44 144 0
7 46 144 0
7 48 144 0
7 50 144 0
7 52 144 0
7 54 144 0
7 56 144 0
7 58 144 0
7 60 144 0
7 62 144 0
7 64 144 0
7 66 144 0
7 68 144 0
7 70 144 0
7 72 144 0
7 74 144 0
7 76 144 0
7 78 144 0
7 80 144 0
7 82 144 0
7 84 144 0
7 86 144 0
7 88 144 0
7 90 144 0
7 92 144 0
7 94 144 0
7 96 144 0
7 98 144 0
7 100 144 0
7 102 144 0
7 104 144 0
7 106 144 0
7 108 144 0
7 110 144 0
7 112 144 0
7 114 144 0
7 116 144 0
7 118 144 0
7 120 144 0
7 122 144 0
7 124 144 0
7 126 144 0
7 128 144 0
7 130 144 0
7 132 144 0
7 134 144 0
7 136 144 0
7 138 144 0
7 140 144 0
7 29 146 0
7 31 146 0
7 33 146 0
7 35 146 0
7 37 146 0
7 39 146 0
7 41 146 0
7 43 146 0
7 45 146 0
7 47 146 0
7 49 146 0
7 51 146 0
7 53 146 0
7 55 146 0
7 57 146 0
7 59 146 0
7 61 146 0
7 63 146 0
7 65 146 0
7 67 146 0
7 69 146 0
7 71 146 0
7 73 146 0
7 75 146 0
7 77 146 0
7 79 146 0
7 81 146 0
7 83 146 0
7 85 146 0
7 87 146 0
7 89 146 0
7 91 146 0
7 93 146 0
7 95 146 0
7 97 146 0
7 99 146 0
7 101 146 0
7 103 146 0
7 105 146 0
7 107 146 0
7 109 146 0
7 111 146 0
7 113 146 0
7 115 146 0
7 117 146 0
7 119 146 0
7 121 146 0
7 123 146 0
7 125 146 0
7 127 146 0
7 129 146 0
7 131 146 0
7 133 146 0
7 135 146 0
7 137 146 0
7 139 146 0
7 30 148 0
7 32 148 0
7 34 148 0
7 36 148 0
7 38 148 0
7 40 148 0
7 42 148 0
7 44 148 0
7 46 148 0
7 48 148 0
7 50 148 0
7 52 148 0
7 54 148 0
7 56 148 0
7 58 148 0
7 60 148 0
7 62 148 0
7 64 148 0
7 66 148 0
7 68 148 0
7 70 148 0
7 72 148 0
7 74 148 0
7 76 148 0
7 78 148 0
7 80 148 0
7 82 148 0
7 84 148 0
7 86 148 0
7 88 148 0
7 90 148 0
7 92 148 0
7 94 148 0
7 96 148 0
7 98 148 0
7 100 148 0
7 102 148 0
7 104 148 0
7 106 148 0
7 108 148 0
7 110 148 0
7 112 148 0
7 114 148 0
7 116 148 0
7 118 148 0
7 120 148 0
7 122 148 0
7 124 148 0
7 126 148 0
7 128 148 0
7 130 148 0
7 132 148 0
7 134 148 0
7 136 148 0
7 138 148 0
7 140 148 0
7 31 150 0
7 33 150 0
7 35 150 0
7 37 150 0
7 39 150 0
7 41 150 0
7 43 150 0
7 45 150 0
7 47 150 0
7 49 150 0
7 51 150 0
7 53 150 0
7 55 150 0
7 57 150 0
7 59 150 0
7 61 150 0
7 63 150 0
7 65 150 0
7 67 150 0
7 69 150 0
7 71 150 0
7 73 150 0
7 75 150 0
7 77 150 0
7 79 150 0
7 81 150 0
7 83 150 0
7 85 150 0
7 87 150 0
7 89 150 0
7 91 150 0
7 93 150 0
7 95 150 0
7 97 150 0
7 99 150 0
7 101 150 0
7 103 150 0
7 105 150 0
7 107 150 0
7 109 150 0
7 111 150 0
7 113 150 0
7 115 150 0
7 117 150 0
7 119 150 0
7 121 150 0
7 123 150 0
7 125 150 0
7 127 150 0
7 129 150 0
7 131 150 0
7 133 150 0
7 135 150 0
7 137 150 0
7 139 150 0
7 30 152 0
7 32 152 0
7 34 152 0
7 36 152 0
7 38 152 0
7 40 152 0
7 42 152 0
7 44 152 0
7 46 152 0
7 48 152 0
7 50 152 0
7 52 152 0
7 54 152 0
7 56 152 0
7 58 152 0
7 60 152 0
7 62 152 0
7 64 152 0
7 66 152 0
7 68 152 0
7 70 152 0
7 72 152 0
7 74 152 0
7 76 152 0
7 78 152 0
7 80 152 0
7 82 152 0
7 84 152 0
7 86 152 0
7 88 152 0
7 90 152 0
7 92 152 0
7 94 152 0
7 96 152 0
7 98 152 0
7 100 152 0
7 102 152 0
7 104 152 0
7 106 152 0
7 108 152 0
7 110 152 0
7 112 152 0
7 114 152 0
7 116 152 0
7 118 152 0
7 120 152 0
7 122 152 0
7 124 152 0
7 126 152 0
7 128 152 0
7 130 152 0
7 132 152 0
7 134 152 0
7 136 152 0
7 138 152 0
7 140 152 0
7 31 154 0
7 33 154 0
7 35 154 0
7 37 154 0
7 39 154 0
7 41 154 0
7 43 154 0
7 45 154 0
7 47 154 0
7 49 154 0
7 51 154 0
7 53 154 0
7 55 154 0
7 57 154 0
7 59 154 0
7 61 154 0
7 63 154 0
7 65 154 0
7 67 154 0
7 69 154 0
7 71 154 0
7 73 154 0
7 75 154 0
7 77 154 0
7 79 154 0
7 81 154 0
7 83 154 0
7 85 154 0
7 87 154 0
7 89 154 0
7 91 154 0
7 93 154 0
7 95 154 0
7 97 154 0
7 99 154 0
7 101 154 0
7 103 154 0
7 105 154 0
7 107 154 0
7 109 154 0
7 111 154 0
7 113 154 0
7 115 154 0
7 117 154 0
7 119 154 0
7 121 154 0
7 123 154 0
7 125 154 0
7 127 154 0
7 129 154 0
7 131 154 0
7 133 154 0
7 135 154 0
7 137 154 0
7 139 154 0
7 32 156 0
7 34 156 0
7 36 156 0
7 38 156 0
7 40 156 0
7 42 156 0
7 44 156 0
7 46 156 0
7 48 156 0
7 50 156 0
7 52 156 0
7 54 156 0
7 56 156 0
7 58 156 0
7 60 156 0
7 62 156 0
7 64 156 0
7 66 156 0
7 68 156 0
7 70 156 0
7 72 156 0
7 74 156 0
7 76 156 0
7 78 156 0
7 80 156 0
7 82 156 0
7 84 156 0
7 86 156 0
7 88 156 0
7 90 156 0
7 92 156 0
7 94 156 0
7 96 156 0
7 98 156 0
7 100 156 0
7 102 156 0
7 104 156 0
7 106 156 0
7 108 156 0
7 110 156 0
7 112 156 0
7 114 156 0
7 116 156 0
7 118 156 0
7 120 156 0
7 122 156 0
7 124 156 0
7 126 156 0
7 128 156 0
7 130 156 0
7 132 156 0
7 134 156 0
7 136 156 0
7 138 156 0
7 140 156 0
7 31 158 0
7 33 158 0
7 35 158 0
7 37 158 0
7 39 158 0
7 41 158 0
7 43 158 0
7 45 158 0
7 47 158 0
7 49 158 0
7 51 158 0
7 53 158 0
7 55 158 0
7 57 158 0
7 59 158 0
7 61 158 0
7 63 158 0
7 65 158 0
7 67 158 0
7 69 158 0
7 71 158 0
7 73 158 0
7 75 158 0
7 77 158 0
7 79 158 0
7 81 158 0
7 83 158 0
7 85 158 0
7 87 158 0
7 89 158 0
7 91 158 0
7 93 158 0
7 95 158 0
7 97 158 0
7 99 158 0
7 101 158 0
7 103 158 0
7 105 158 0
7 107 158 0
7 109 158 0
7 111 158 0
7 113 158 0
7 115 158 0
7 117 158 0
7 119 158 0
7 121 158 0
7 123 158 0
7 125 158 0
7 127 158 0
7 129 158 0
7 131 158 0
7 133 158 0
7 135 158 0
7 137 158 0
7 139 158 0
7 32 160 0
7 34 160 0
7 36 160 0
7 38 160 0
7 40 160 0
7 42 160 0
7 44 160 0
7 46 160 0
7 48 160 0
7 50 160 0
7 52 160 0
7 54 160 0
7 56 160 0
7 58 160 0
7 60 160 0
7 62 160 0
7 64 160 0
7 66 160 0
7 68 160 0
7 70 160 0
7 72 160 0
7 74 160 0
7 76 160 0
7 78 160 0
7 80 160 0
7 82 160 0
7 84 160 0
7 86 160 0
7 88 160 0
7 90 160 0
7 92 160 0
7 94 160 0
7 96 160 0
7 98 160 0
7 100 160 0
7 102 160 0
7 104 160 0
7 106 160 0
7 108 160 0
7 110 160 0
7 112 160 0
7 114 160 0
7 116 160 0
7 118 160 0
7 120 160 0
7 122 160 0
7 124 160 0
7 126 160 0
7 128 160 0
7 130 160 0
7 132 160 0
7 134 160 0
7 136 160 0
7 138 160 0
7 140 160 0
7 33 162 0
7 35 162 0
7 37 162 0
7 39 162 0
7 41 162 0
7 43 162 0
7 45 162 0
7 47 162 0
7 49 162 0
7 51 162 0
7 53 162 0
7 55 162 0
7 57 162 0
7 59 162 0
7 61 162 0
7 63 162 0
7 65 162 0
7 67 162 0
7 69 162 0
7 71 162 0
7 73 162 0
7 75 162 0
7 77 162 0
7 79 162 0
7 81 162 0
7 83 162 0
7 85 162 0
7 87 162 0
7 89 162 0
7 91 162 0
7 93 162 0
7 95 162 0
7 97 162 0
7 99 162 0
7 101 162 0
7 103 162 0
7 105 162 0
7 107 162 0
7 109 162 0
7 111 162 0
7 113 162 0
7 115 162 0
7 117 162 0
7 119 162 0
7 121 162 0
7 123 162 0
7 125 162 0
7 127 162 0
7 129 162 0
7 131 162 0
7 133 162 0
7 135 162 0
7 137 162 0
7 139 162 0
7 32 164 0
7 34 164 0
7 36 164 0
7 38 164 0
7 40 164 0
7 42 164 0
7 44 164 0
7 46 164 0
7 48 164 0
7 50 164 0
7 52 164 0
7 54 164 0
7 56 164 0
7 58 164 0
7 60 164 0
7 62 164 0
7 64 164 0
7 66 164 0
7 68 164 0
7 70 164 0
7 72 164 0
7 74 164 0
7 76 164 0
7 78 164 0
7 80 164 0
7 82 164 0
7 84 164 0
7 86 164 0
7 88 164 0
7 90 164 0
7 92 164 0
7 94 164 0
7 96 164 0
7 98 164 0
7 100 164 0
7 102 164 0
7 104 164 0
7 106 164 0
7 108 164 0
7 110 164 0
7 112 164 0
7 114 164 0
7 116 164 0
7 118 164 0
7 120 164 0
7 122 164 0
7 124 164 0
7 126 164 0
7 128 164 0
7 130 164 0
7 132 164 0
7 134 164 0
7 136 164 0
7 138 164 0
7 140 164 0
7 33 166 0
7 35 166 0
7 37 166 0
7 39 166 0
7 41 166 0
7 43 166 0
7 45 166 0
7 47 166 0
7 49 166 0
7 51 166 0
7 53 166 0
7 55 166 0
7 57 166 0
7 59 166 0
7 61 166 0
7 63 166 0
7 65 166 0
7 67 166 0
7 69 166 0
7 71 166 0
7 73 166 0
7 75 166 0
7 77 166 0
7 79 166 0
7 81 166 0
7 83 166 0
7 85 166 0
7 87 166 0
7 89 166 0
7 91 166 0
7 93 166 0
7 95 166 0
7 97 166 0
7 99 166 0
7 101 166 0
7 103 166 0
7 105 166 0
7 107 166 0
7 109 166 0
7 111 166 0
7 113 166 0
7 115 166 0
7 117 166 0
7 119 166 0
7 121 166 0
7 123 166 0
7 125 166 0
7 127 166 0
7 129 166 0
7 131 166 0
7 133 166 0
7 135 166 0
7 137 166 0
7 139 166 0
7 34 168 0
7 36 168 0
7 38 168 0
7 40 168 0
7 42 168 0
7 44 168 0
7 46 168 0
7 48 168 0
7 50 168 0
7 52 168 0
7 54 168 0
7 56 168 0
7 58 168 0
7 60 168 0
7 62 168 0
7 64 168 0
7 66 168 0
7 68 168 0
7 70 168 0
7 72 168 0
7 74 168 0
7 76 168 0
7 78 168 0
7 80 168 0
7 82 168 0
7 84 168 0
7 86 168 0
7 88 168 0
7 90 168 0
7 92 168 0
7 94 168 0
7 96 168 0
7 98 168 0
7 100 168 0
7 102 168 0
7 104 168 0
7 106 168 0
7 108 168 0
7 110 168 0
7 112 168 0
7 114 168 0
7 116 168 0
7 118 168 0
7 120 168 0
7 122 168 0
7 124 168 0
7 126 168 0
7 128 168 0
7 130 168 0
7 132 168 0
7 134 168 0
7 136 168 0
7 138 168 0
7 140 168 0
7 33 170 0
7 35 170 0
7 37 170 0
7 39 170 0
7 41 170 0
7 43 170 0
7 45 170 0
7 47 170 0
7 49 170 0
7 51 170 0
7 53 170 0
7 55 170 0
7 57 170 0
7 59 170 0
7 61 170 0
7 63 170 0
7 65 170 0
7 67 170 0
7 69 170 0
7 71 170 0
7 73 170 0
7 75 170 0
7 77 170 0
7 79 170 0
7 81 170 0
7 83 170 0
7 85 170 0
7 87 170 0
7 89 170 0
7 91 170 0
7 93 170 0
7 95 170 0
7 97 170 0
7 99 170 0
7 101 170 0
7 103 170 0
7 105 170 0
7 107 170 0
7 109 170 0
7 111 170 0
7 113 170 0
7 115 170 0
7 117 170 0
7 119 170 0
7 121 170 0
7 123 170 0
7 125 170 0
7 127 170 0
7 129 170 0
7 131 170 0
7 133 170 0
7 135 170 0
7 137 170 0
7 139 170 0
7 34 172 0
7 36 172 0
7 38 172 0
7 40 172 0
7 42 172 0
7 44 172 0
7 46 172 0
7 48 172 0
7 50 172 0
7 52 172 0
7 54 172 0
7 56 172 0
7 58 172 0
7 60 172 0
7 62 172 0
7 64 172 0
7 66 172 0
7 68 172 0
7 70 172 0
7 72 172 0
7 74 172 0
7 76 172 0
7 78 172 0
7 80 172 0
7 82 172 0
7 84 172 0
7 86 172 0
7 88 172 0
7 90 172 0
7 92 172 0
7 94 172 0
7 96 172 0
7 98 172 0
7 100 172 0
7 102 172 0
7 104 172 0
7 106 172 0
7 108 172 0
7 110 172 0
7 112 172 0
7 114 172 0
7 116 172 0
7 118 172 0
7 120 172 0
7 122 172 0
7 124 172 0
7 126 172 0
7 128 172 0
7 130 172 0
7 132 172 0
7 134 172 0
7 136 172 0
7 138 172 0
7 140 172 0
7 35 174 0
7 37 174 0
7 39 174 0
7 41 174 0
7 43 174 0
7 45 174 0
7 47 174 0
7 49 174 0
7 51 174 0
7 53 174 0
7 55 174 0
7 57 174 0
7 59 174 0
7 61 174 0
7 63 174 0
7 65 174 0
7 67 174 0
7 69 174 0
7 71 174 0
7 73 174 0
7 75 174 0
7 77 174 0
7 79 174 0
7 81 174 0
7 83 174 0
7 85 174 0
7 87 174 0
7 89 174 0
7 91 174 0
7 93 174 0
7 95 174 0
7 97 174 0
7 99 174 0
7 101 174 0
7 103 174 0
7 105 174 0
7 107 174 0
7 109 174 0
7 111 174 0
7 113 174 0
7 115 174 0
7 117 174 0
7 119 174 0
7 121 174 0
7 123 174 0
7 125 174 0
7 127 174 0
7 129 174 0
7 131 174 0
7 133 174 0
7 135 174 0
7 137 174 0
7 139 174 0
7 36 176 0
7 38 176 0
7 40 176 0
7 42 176 0
7 44 176 0
7 46 176 0
7 48 176 0
7 50 176 0
7 52 176 0
7 54 176 0
7 56 176 0
7 58 176 0
7 60 176 0
7 62 176 0
7 64 176 0
7 66 176 0
7 68 176 0
7 70 176 0
7 72 176 0
7 74 176 0
7 76 176 0
7 78 176 0
7 80 176 0
7 82 176 0
7 84 176 0
7 86 176 0
7 88 176 0
7 90 176 0
7 92 176 0
7 94 176 0
7 96 176 0
7 98 176 0
7 100 176 0
7 102 176 0
7 104 176 0
7 106 176 0
7 108 176 0
7 110 176 0
7 112 176 0
7 114 176 0
7 116 176 0
7 118 176 0
7 120 176 0
7 122 176 0
7 124 176 0
7 126 176 0
7 128 176 0
7 130 176 0
7 132 176 0
7 134 176 0
7 136 176 0
7 138 176 0
7 140 176 0
7 37 178 0
7 39 178 0
7 41 178 0
7 43 178 0
7 45 178 0
7 47 178 0
7 49 178 0
7 51 178 0
7 53 178 0
7 55 178 0
7 57 178 0
7 59 178 0
7 61 178 0
7 63 178 0
7 65 178 0
7 67 178 0
7 69 178 0
7 71 178 0
7 73 178 0
7 75 178 0
7 77 178 0
7 79 178 0
7 81 178 0
7 83 178 0
7 85 178 0
7 87 178 0
7 89 178 0
7 91 178 0
7 93 178 0
7 95 178 0
7 97 178 0
7 99 178 0
7 101 178 0
7 103 178 0
7 105 178 0
7 107 178 0
7 109 178 0
7 111 178 0
7 113 178 0
7 115 178 0
7 117 178 0
7 119 178 0
7 121 178 0
7 123 178 0
7 125 178 0
7 127 178 0
7 129 178 0
7 131 178 0
7 133 178 0
7 135 178 0
7 137 178 0
7 139 178 0
7 38 180 0
7 40 180 0
7 42 180 0
7 44 180 0
7 46 180 0
7 48 180 0
7 50 180 0
7 52 180 0
7 54 180 0
7 56 180 0
7 58 180 0
7 60 180 0
7 62 180 0
7 64 180 0
7 66 180 0
7 68 180 0
7 70 180 0
7 72 180 0
7 74 180 0
7 76 180 0
7 78 180 0
7 80 180 0
7 82 180 0
7 84 180 0
7 86 180 0
7 88 180 0
7 90 180 0
7 92 180 0
7 94 180 0
7 96 180 0
7 98 180 0
7 100 180 0
7 102 180 0
7 104 180 0
7 106 180 0
7 108 180 0
7 110 180 0
7 112 180 0
7 114 180 0
7 116 180 0
7 118 180 0
7 120 180 0
7 122 180 0
7 124 180 0
7 126 180 0
7 128 180 0
7 130 180 0
7 132 180 0
7 134 180 0
7 136 180 0
7 138 180 0
7 140 180 0
7 39 182 0
7 41 182 0
7 43 182 0
7 45 182 0
7 47 182 0
7 49 182 0
7 51 182 0
7 53 182 0
7 55 182 0
7 57 182 0
7 59 182 0
7 61 182 0
7 63 182 0
7 65 182 0
7 67 182 0
7 69 182 0
7 71 182 0
7 73 182 0
7 75 182 0
7 77 182 0
7 79 182 0
7 81 182 0
7 83 182 0
7 85 182 0
7 87 182 0
7 89 182 0
7 91 182 0
7 93 182 0
7 95 182 0
7 97 182 0
7 99 182 0
7 101 182 0
7 103 182 0
7 105 182 0
7 107 182 0
7 109 182 0
7 111 182 0
7 113 182 0
7 115 182 0
7 117 182 0
7 119 182 0
7 121 182 0
7 123 182 0
7 125 182 0
7 127 182 0
7 129 182 0
7 131 182 0
7 133 182 0
7 135 182 0
7 137 182 0
7 139 182 0
7 40 184 0
7 42 184 0
7 44 184 0
7 46 184 0
7 48 184 0
7 50 184 0
7 52 184 0
7 54 184 0
7 56 184 0
7 58 184 0
7 60 184 0
7 62 184 0
7 64 184 0
7 66 184 0
7 68 184 0
7 70 184 0
7 72 184 0
7 74 184 0
7 76 184 0
7 78 184 0
7 80 184 0
7 82 184 0
7 84 184 0
7 86 184 0
7 88 184 0
7 90 184 0
7 92 184 0
7 94 184 0
7 96 184 0
7 98 184 0
7 100 184 0
7 102 184 0
7 104 184 0
7 106 184 0
7 108 184 0
7 110 184 0
7 112 184 0
7 114 184 0
7 116 184 0
7 118 184 0
7 120 184 0
7 122 184 0
7 124 184 0
7 126 184 0
7 128 184 0
7 130 184 0
7 132 184 0
7 134 184 0
7 136 184 0
7 138 184 0
7 140 184 0
7 41 186 0
7 43 186 0
7 45 186 0
7 47 186 0
7 49 186 0
7 51 186 0
7 53 186 0
7 55 186 0
7 57 186 0
7 59 186 0
7 61 186 0
7 63 186 0
7 65 186 0
7 67 186 0
7 69 186 0
7 71 186 0
7 73 186 0
7 75 186 0
7 77 186 0
7 79 186 0
7 81 186 0
7 83 186 0
7 85 186 0
7 87 186 0
7 89 186 0
7 91 186 0
7 93 186 0
7 95 186 0
7 97 186 0
7 99 186 0
7 101 186 0
7 103 186 0
7 105 186 0
7 107 186 0
7 109 186 0
7 111 186 0
7 113 186 0
7 115 186 0
7 117 186 0
7 119 186 0
7 121 186 0
7 123 186 0
7 125 186 0
7 127 186 0
7 129 186 0
7 131 186 0
7 133 186 0
7 135 186 0
7 137 186 0
7 139 186 0
7 42 188 0
7 44 188 0
7 46 188 0
7 48 188 0
7 50 188 0
7 52 188 0
7 54 188 0
7 56 188 0
7 58 188 0
7 60 188 0
7 62 188 0
7 64 188 0
7 66 188 0
7 68 188 0
7 70 188 0
7 72 188 0
7 74 188 0
7 76 188 0
7 78 188 0
7 80 188 0
7 82 188 0
7 84 188 0
7 86 188 0
7 88 188 0
7 90 188 0
7 92 188 0
7 94 188 0
7 96 188 0
7 98 188 0
7 100 188 0
7 102 188 0
7 104 188 0
7 106 188 0
7 108 188 0
7 110 188 0
7 112 188 0
7 114 188 0
7 116 188 0
7 118 188 0
7 120 188 0
7 122 188 0
7 124 188 0
7 126 188 0
7 128 188 0
7 130 188 0
7 132 188 0
7 134 188 0
7 136 188 0
7 138 188 0
7 140 188 0
7 43 190 0
7 45 190 0
7 47 190 0
7 49 190 0
7 51 190 0
7 53 190 0
7 55 190 0
7 57 190 0
7 59 190 0
7 61 190 0
7 63 190 0
7 65 190 0
7 67 190 0
7 69 190 0
7 71 190 0
7 73 190 0
7 75 190 0
7 77 190 0
7 79 190 0
7 81 190 0
7 83 190 0
7 85 190 0
7 87 190 0
7 89 190 0
7 91 190 0
7 93 190 0
7 95 190 0
7 97 190 0
7 99 190 0
7 101 190 0
7 103 190 0
7 105 190 0
7 107 190 0
7 109 190 0
7 111 190 0
7 113 190 0
7 115 190 0
7 117 190 0
7 119 190 0
7 121 190 0
7 123 190 0
7 125 190 0
7 127 190 0
7 129 190 0
7 131 190 0
7 133 190 0
7 135 190 0
7 137 190 0
7 139 190 0
7 44 192 0
7 46 192 0
7 48 192 0
7 50 192 0
7 52 192 0
7 54 192 0
7 56 192 0
7 58 192 0
7 60 192 0
7 62 192 0
7 64 192 0
7 66 192 0
7 68 192 0
7 70 192 0
7 72 192 0
7 74 192 0
7 76 192 0
7 78 192 0
7 80 192 0
7 82 192 0
7 84 192 0
7 86 192 0
7 88 192 0
7 90 192 0
7 92 192 0
7 94 192 0
7 96 192 0
7 98 192 0
7 100 192 0
7 102 192 0
7 104 192 0
7 106 192 0
7 108 192 0
7 110 192 0
7 112 192 0
7 114 192 0
7 116 192 0
7 118 192 0
7 120 192 0
7 122 192 0
7 124 192 0
7 126 192 0
7 128 192 0
7 130 192 0
7 132 192 0
7 134 192 0
7 136 192 0
7 138 192 0
7 140 192 0
7 45 194 0
7 47 194 0
7 49 194 0
7 51 194 0
7 53 194 0
7 55 194 0
7 57 194 0
7 59 194 0
7 61 194 0
7 63 194 0
7 65 194 0
7 67 194 0
7 69 194 0
7 71 194 0
7 73 194 0
7 75 194 0
7 77 194 0
7 79 194 0
7 81 194 0
7 83 194 0
7 85 194 0
7 87 194 0
7 89 194 0
7 91 194 0
7 93 194 0
7 95 194 0
7 97 194 0
7 99 194 0
7 101 194 0
7 103 194 0
7 105 194 0
7 107 194 0
7 109 194 0
7 111 194 0
7 113 194 0
7 115 194 0
7 117 194 0
7 119 194 0
7 121 194 0
7 123 194 0
7 125 194 0
7 127 194 0
7 129 194 0
7 131 194 0
7 133 194 0
7 135 194 0
7 137 194 0
7 139 194 0
2513
6 33 6 0
6 35 6 0
6 37 6 0
6 39 6 0
6 41 6 0
6 43 6 0
6 45 6 0
6 47 6 0
6 49 6 0
6 51 6 0
6 53 6 0
6 55 6 0
6 57 6 0
6 59 6 0
6 61 6 0
6 63 6 0
6 65 6 0
6 67 6 0
6 69 6 0
6 71 6 0
6 73 6 0
6 75 6 0
6 77 6 0
6 79 6 0
6 81 6 0
6 83 6 0
6 85 6 0
6 87 6 0
6 89 6 0
6 91 6 0
6 93 6 0
6 95 6 0
6 97 6 0
6 99 6 0
6 101 6 0
6 103 6 0
6 105 6 0
6 107 6 0
6 109 6 0
6 111 6 0
6 113 6 0
6 115 6 0
6 117 6 0
6 119 6 0
6 121 6 0
6 123 6 0
6 125 6 0
6 127 6 0
6 129 6 0
6 131 6 0
6 133 6 0
6 135 6 0
6 137 6 0
6 139 6 0
6 32 8 0
6 34 8 0
6 36 8 0
6 38 8 0
6 40 8 0
6 42 8 0
6 44 8 0
6 46 8 0
6 48 8 0
6 50 8 0
6 52 8 0
6 54 8 0
6 56 8 0
6 58 8 0
6 60 8 0
6 62 8 0
6 64 8 0
6 66 8 0
6 68 8 0
6 70 8 0
6 72 8 0
6 74 8 0
6 76 8 0
6 78 8 0
6 80 8 0
6 82 8 0
6 84 8 0
6 86 8 0
6 88 8 0
6 90 8 0
6 92 8 0
6 94 8 0
6 96 8 0
6 98 8 0
6 100 8 0
6 102 8 0
6 104 8 0
6 106 8 0
6 108 8 0
6 110 8 0
6 112 8 0
6 114 8 0
6 116 8 0
6 118 8 0
6 120 8 0
6 122 8 0
6 124 8 0
6 126 8 0
6 128 8 0
6 130 8 0
6 132 8 0
6 134 8 0
6 136 8 0
6 138 8 0
6 31 10 0
6 33 10 0
6 35 10 0
6 37 10 0
6 39 10 0
6 41 10 0
6 43 10 0
6 45 10 0
6 47 10 0
6 49 10 0
6 51 10 0
6 53 10 0
6 55 10 0
6 57 10 0
6 59 10 0
6 61 10 0
6 63 10 0
6 65 10 0
6 67 10 0
6 69 10 0
6 71 10 0
6 73 10 0
6 75 10 0
6 77 10 0
6 79 10 0
6 81 10 0
6 83 10 0
6 85 10 0
6 87 10 0
6 89 10 0
6 91 10 0
6 93 10 0
6 95 10 0
6 97 10 0
6 99 10 0
6 101 10 0
6 103 10 0
6 105 10 0
6 107 10 0
6 109 10 0
6 111 10 0
6 113 10 0
6 115 10 0
6 117 10 0
6 119 10 0
6 121 10 0
6 123 10 0
6 125 10 0
6 127 10 0
6 129 10 0
6 131 10 0
6 133 10 0
6 135 10 0
6 137 10 0
6 139 10 0
6 30 12 0
6 32 12 0
6 34 12 0
6 36 12 0
6 38 12 0
6 40 12 0
6 42 12 0
6 44 12 0
6 46 12 0
6 48 12 0
6 50 12 0
6 52 12 0
6 136 12 0
6 138 12 0
6 29 14 0
6 31 14 0
6 33 14 0
6 35 14 0
6 37 14 0
6 39 14 0
6 41 14 0
6 43 14 0
6 45 14 0
6 47 14 0
6 49 14 0
6 51 14 0
6 135 14 0
6 137 14 0
6 139 14 0
6 28 16 0
6 30 16 0
6 32 16 0
6 34 16 0
6 36 16 0
6 38 16 0
6 40 16 0
6 42 16 0
6 44 16 0
6 46 16 0
6 48 16 0
6 50 16 0
6 136 16 0
6 138 16 0
6 27 18 0
6 29 18 0
6 31 18 0
6 33 18 0
6 35 18 0
6 37 18 0
6 39 18 0
6 41 18 0
6 43 18 0
6 45 18 0
6 47 18 0
6 49 18 0
6 135 18 0
6 137 18 0
6 139 18 0
6 26 20 0
6 28 20 0
6 30 20 0
6 32 20 0
6 34 20 0
6 36 20 0
6 38 20 0
6 40 20 0
6 42 20 0
6 44 20 0
6 46 20 0
6 48 20 0
6 136 20 0
6 138 20 0
6 25 22 0
6 29 22 0
6 31 22 0
6 33 22 0
6 35 22 0
6 37 22 0
6 39 22 0
6 41 22 0
6 43 22 0
6 45 22 0
6 47 22 0
6 135 22 0
6 137 22 0
6 139 22 0
6 24 24 0
6 30 24 0
6 32 24 0
6 34 24 0
6 36 24 0
6 38 24 0
6 40 24 0
6 42 24 0
6 44 24 0
6 46 24 0
6 136 24 0
6 138 24 0
6 23 26 0
6 31 26 0
6 33 26 0
6 35 26 0
6 37 26 0
6 39 26 0
6 41 26 0
6 43 26 0
6 45 26 0
6 135 26 0
6 137 26 0
6 139 26 0
6 22 28 0
6 32 28 0
6 34 28 0
6 36 28 0
6 38 28 0
6 40 28 0
6 42 28 0
6 44 28 0
6 136 28 0
6 138 28 0
6 21 30 0
6 33 30 0
6 35 30 0
6 37 30 0
6 39 30 0
6 41 30 0
6 43 30 0
6 135 30 0
6 137 30 0
6 139 30 0
6 20 32 0
6 34 32 0
6 36 32 0
6 38 32 0
6 40 32 0
6 42 32 0
6 136 32 0
6 138 32 0
6 19 34 0
6 35 34 0
6 37 34 0
6 39 34 0
6 41 34 0
6 55 34 0
6 57 34 0
6 59 34 0
6 61 34 0
6 63 34 0
6 65 34 0
6 67 34 0
6 69 34 0
6 71 34 0
6 73 34 0
6 75 34 0
6 77 34 0
6 79 34 0
6 81 34 0
6 83 34 0
6 85 34 0
6 87 34 0
6 89 34 0
6 91 34 0
6 93 34 0
6 95 34 0
6 97 34 0
6 99 34 0
6 101 34 0
6 103 34 0
6 105 34 0
6 107 34 0
6 109 34 0
6 111 34 0
6 113 34 0
6 115 34 0
6 117 34 0
6 135 34 0
6 137 34 0
6 139 34 0
6 18 36 0
6 36 36 0
6 38 36 0
6 40 36 0
6 54 36 0
6 56 36 0
6 58 36 0
6 60 36 0
6 62 36 0
6 64 36 0
6 66 36 0
6 68 36 0
6 70 36 0
6 72 36 0
6 74 36 0
6 76 36 0
6 78 36 0
6 80 36 0
6 82 36 0
6 84 36 0
6 86 36 0
6 88 36 0
6 90 36 0
6 92 36 0
6 94 36 0
6 96 36 0
6 98 36 0
6 100 36 0
6 102 36 0
6 104 36 0
6 106 36 0
6 108 36 0
6 110 36 0
6 112 36 0
6 114 36 0
6 116 36 0
6 136 36 0
6 138 36 0
6 17 38 0
6 37 38 0
6 39 38 0
6 53 38 0
6 55 38 0
6 57 38 0
6 59 38 0
6 61 38 0
6 63 38 0
6 65 38 0
6 67 38 0
6 69 38 0
6 71 38 0
6 73 38 0
6 75 38 0
6 77 38 0
6 79 38 0
6 81 38 0
6 83 38 0
6 85 38 0
6 87 38 0
6 89 38 0
6 91 38 0
6 93 38 0
6 95 38 0
6 97 38 0
6 99 38 0
6 101 38 0
6 103 38 0
6 105 38 0
6 107 38 0
6 109 38 0
6 111 38 0
6 113 38 0
6 115 38 0
6 117 38 0
6 135 38 0
6 137 38 0
6 139 38 0
6 16 40 0
6 38 40 0
6 52 40 0
6 54 40 0
6 56 40 0
6 58 40 0
6 60 40 0
6 62 40 0
6 64 40 0
6 66 40 0
6 68 40 0
6 70 40 0
6 72 40 0
6 74 40 0
6 76 40 0
6 78 40 0
6 80 40 0
6 82 40 0
6 84 40 0
6 86 40 0
6 88 40 0
6 90 40 0
6 92 40 0
6 94 40 0
6 96 40 0
6 98 40 0
6 100 40 0
6 102 40 0
6 104 40 0
6 106 40 0
6 108 40 0
6 110 40 0
6 112 40 0
6 114 40 0
6 116 40 0
6 136 40 0
6 138 40 0
6 15 42 0
6 51 42 0
6 53 42 0
6 55 42 0
6 57 42 0
6 59 42 0
6 61 42 0
6 63 42 0
6 65 42 0
6 67 42 0
6 69 42 0
6 71 42 0
6 73 42 0
6 75 42 0
6 77 42 0
6 79 42 0
6 81 42 0
6 83 42 0
6 85 42 0
6 87 42 0
6 89 42 0
6 91 42 0
6 93 42 0
6 95 42 0
6 97 42 0
6 99 42 0
6 101 42 0
6 103 42 0
6 105 42 0
6 107 42 0
6 109 42 0
6 111 42 0
6 113 42 0
6 115 42 0
6 117 42 0
6 135 42 0
6 137 42 0
6 139 42 0
6 14 44 0
6 50 44 0
6 52 44 0
6 54 44 0
6 56 44 0
6 58 44 0
6 60 44 0
6 62 44 0
6 64 44 0
6 66 44 0
6 68 44 0
6 70 44 0
6 72 44 0
6 74 44 0
6 76 44 0
6 78 44 0
6 80 44 0
6 82 44 0
6 84 44 0
6 86 44 0
6 88 44 0
6 90 44 0
6 92 44 0
6 94 44 0
6 96 44 0
6 98 44 0
6 100 44 0
6 102 44 0
6 104 44 0
6 106 44 0
6 108 44 0
6 110 44 0
6 112 44 0
6 114 44 0
6 116 44 0
6 136 44 0
6 138 44 0
6 13 46 0
6 49 46 0
6 51 46 0
6 53 46 0
6 55 46 0
6 57 46 0
6 59 46 0
6 61 46 0
6 63 46 0
6 65 46 0
6 67 46 0
6 69 46 0
6 71 46 0
6 73 46 0
6 75 46 0
6 77 46 0
6 79 46 0
6 81 46 0
6 83 46 0
6 85 46 0
6 87 46 0
6 89 46 0
6 91 46 0
6 93 46 0
6 95 46 0
6 97 46 0
6 99 46 0
6 101 46 0
6 103 46 0
6 105 46 0
6 107 46 0
6 109 46 0
6 111 46 0
6 113 46 0
6 115 46 0
6 117 46 0
6 135 46 0
6 137 46 0
6 139 46 0
6 12 48 0
6 48 48 0
6 50 48 0
6 52 48 0
6 54 48 0
6 56 48 0
6 58 48 0
6 60 48 0
6 62 48 0
6 64 48 0
6 66 48 0
6 68 48 0
6 70 48 0
6 72 48 0
6 74 48 0
6 76 48 0
6 78 48 0
6 80 48 0
6 82 48 0
6 84 48 0
6 86 48 0
6 88 48 0
6 90 48 0
6 92 48 0
6 94 48 0
6 96 48 0
6 98 48 0
6 100 48 0
6 102 48 0
6 104 48 0
6 106 48 0
6 108 48 0
6 110 48 0
6 112 48 0
6 114 48 0
6 116 48 0
6 136 48 0
6 138 48 0
6 11 50 0
6 47 50 0
6 49 50 0
6 51 50 0
6 53 50 0
6 55 50 0
6 57 50 0
6 59 50 0
6 61 50 0
6 63 50 0
6 65 50 0
6 67 50 0
6 69 50 0
6 71 50 0
6 73 50 0
6 75 50 0
6 77 50 0
6 79 50 0
6 81 50 0
6 83 50 0
6 85 50 0
6 87 50 0
6 89 50 0
6 91 50 0
6 93 50 0
6 95 50 0
6 97 50 0
6 99 50 0
6 101 50 0
6 103 50 0
6 105 50 0
6 107 50 0
6 109 50 0
6 111 50 0
6 113 50 0
6 115 50 0
6 117 50 0
6 135 50 0
6 137 50 0
6 139 50 0
6 10 52 0
6 46 52 0
6 48 52 0
6 50 52 0
6 52 52 0
6 54 52 0
6 56 52 0
6 58 52 0
6 60 52 0
6 62 52 0
6 64 52 0
6 66 52 0
6 68 52 0
6 70 52 0
6 72 52 0
6 74 52 0
6 76 52 0
6 78 52 0
6 80 52 0
6 82 52 0
6 84 52 0
6 86 52 0
6 88 52 0
6 90 52 0
6 92 52 0
6 94 52 0
6 96 52 0
6 98 52 0
6 100 52 0
6 102 52 0
6 104 52 0
6 106 52 0
6 108 52 0
6 110 52 0
6 112 52 0
6 114 52 0
6 116 52 0
6 136 52 0
6 138 52 0
6 9 54 0
6 45 54 0
6 47 54 0
6 49 54 0
6 51 54 0
6 53 54 0
6 55 54 0
6 57 54 0
6 59 54 0
6 61 54 0
6 63 54 0
6 65 54 0
6 67 54 0
6 69 54 0
6 71 54 0
6 73 54 0
6 75 54 0
6 77 54 0
6 79 54 0
6 81 54 0
6 83 54 0
6 85 54 0
6 87 54 0
6 89 54 0
6 91 54 0
6 93 54 0
6 95 54 0
6 97 54 0
6 99 54 0
6 101 54 0
6 103 54 0
6 105 54 0
6 107 54 0
6 109 54 0
6 111 54 0
6 113 54 0
6 115 54 0
6 117 54 0
6 135 54 0
6 137 54 0
6 139 54 0
6 8 56 0
6 46 56 0
6 48 56 0
6 50 56 0
6 52 56 0
6 54 56 0
6 56 56 0
6 58 56 0
6 60 56 0
6 62 56 0
6 64 56 0
6 66 56 0
6 68 56 0
6 70 56 0
6 72 56 0
6 74 56 0
6 76 56 0
6 78 56 0
6 80 56 0
6 82 56 0
6 84 56 0
6 86 56 0
6 88 56 0
6 90 56 0
6 92 56 0
6 94 56 0
6 96 56 0
6 98 56 0
6 100 56 0
6 102 56 0
6 104 56 0
6 106 56 0
6 108 56 0
6 110 56 0
6 112 56 0
6 114 56 0
6 116 56 0
6 136 56 0
6 138 56 0
6 7 58 0
6 47 58 0
6 49 58 0
6 51 58 0
6 53 58 0
6 55 58 0
6 57 58 0
6 59 58 0
6 61 58 0
6 63 58 0
6 65 58 0
6 67 58 0
6 69 58 0
6 71 58 0
6 73 58 0
6 75 58 0
6 77 58 0
6 79 58 0
6 81 58 0
6 83 58 0
6 85 58 0
6 87 58 0
6 89 58 0
6 91 58 0
6 93 58 0
6 95 58 0
6 97 58 0
6 99 58 0
6 101 58 0
6 103 58 0
6 105 58 0
6 107 58 0
6 109 58 0
6 111 58 0
6 113 58 0
6 115 58 0
6 117 58 0
6 135 58 0
6 137 58 0
6 139 58 0
6 6 60 0
6 48 60 0
6 50 60 0
6 52 60 0
6 54 60 0
6 56 60 0
6 58 60 0
6 60 60 0
6 62 60 0
6 64 60 0
6 66 60 0
6 68 60 0
6 70 60 0
6 72 60 0
6 74 60 0
6 76 60 0
6 78 60 0
6 80 60 0
6 82 60 0
6 84 60 0
6 86 60 0
6 88 60 0
6 90 60 0
6 92 60 0
6 94 60 0
6 96 60 0
6 98 60 0
6 100 60 0
6 102 60 0
6 104 60 0
6 106 60 0
6 108 60 0
6 110 60 0
6 112 60 0
6 114 60 0
6 116 60 0
6 136 60 0
6 138 60 0
6 5 62 0
6 49 62 0
6 51 62 0
6 53 62 0
6 55 62 0
6 57 62 0
6 59 62 0
6 61 62 0
6 63 62 0
6 65 62 0
6 67 62 0
6 69 62 0
6 71 62 0
6 73 62 0
6 75 62 0
6 77 62 0
6 79 62 0
6 81 62 0
6 83 62 0
6 85 62 0
6 87 62 0
6 89 62 0
6 91 62 0
6 93 62 0
6 95 62 0
6 97 62 0
6 99 62 0
6 101 62 0
6 103 62 0
6 105 62 0
6 107 62 0
6 109 62 0
6 111 62 0
6 113 62 0
6 115 62 0
6 117 62 0
6 135 62 0
6 137 62 0
6 139 62 0
6 6 64 0
6 50 64 0
6 52 64 0
6 54 64 0
6 56 64 0
6 58 64 0
6 60 64 0
6 62 64 0
6 64 64 0
6 66 64 0
6 68 64 0
6 70 64 0
6 72 64 0
6 74 64 0
6 76 64 0
6 78 64 0
6 80 64 0
6 82 64 0
6 84 64 0
6 86 64 0
6 88 64 0
6 90 64 0
6 92 64 0
6 94 64 0
6 96 64 0
6 98 64 0
6 100 64 0
6 102 64 0
6 104 64 0
6 106 64 0
6 108 64 0
6 110 64 0
6 112 64 0
6 114 64 0
6 116 64 0
6 136 64 0
6 138 64 0
6 7 66 0
6 49 66 0
6 51 66 0
6 53 66 0
6 55 66 0
6 57 66 0
6 59 66 0
6 61 66 0
6 63 66 0
6 65 66 0
6 67 66 0
6 69 66 0
6 71 66 0
6 73 66 0
6 75 66 0
6 77 66 0
6 79 66 0
6 81 66 0
6 83 66 0
6 85 66 0
6 87 66 0
6 89 66 0
6 91 66 0
6 93 66 0
6 95 66 0
6 97 66 0
6 99 66 0
6 101 66 0
6 103 66 0
6 105 66 0
6 107 66 0
6 109 66 0
6 111 66 0
6 113 66 0
6 115 66 0
6 117 66 0
6 135 66 0
6 137 66 0
6 139 66 0
6 8 68 0
6 48 68 0
6 50 68 0
6 52 68 0
6 54 68 0
6 56 68 0
6 58 68 0
6 60 68 0
6 62 68 0
6 64 68 0
6 66 68 0
6 68 68 0
6 70 68 0
6 72 68 0
6 74 68 0
6 76 68 0
6 78 68 0
6 80 68 0
6 82 68 0
6 84 68 0
6 86 68 0
6 88 68 0
6 90 68 0
6 92 68 0
6 94 68 0
6 96 68 0
6 98 68 0
6 100 68 0
6 102 68 0
6 104 68 0
6 106 68 0
6 108 68 0
6 110 68 0
6 112 68 0
6 114 68 0
6 116 68 0
6 136 68 0
6 138 68 0
6 9 70 0
6 47 70 0
6 49 70 0
6 51 70 0
6 53 70 0
6 55 70 0
6 57 70 0
6 59 70 0
6 61 70 0
6 63 70 0
6 65 70 0
6 67 70 0
6 69 70 0
6 71 70 0
6 73 70 0
6 75 70 0
6 77 70 0
6 79 70 0
6 81 70 0
6 83 70 0
6 85 70 0
6 87 70 0
6 89 70 0
6 91 70 0
6 93 70 0
6 95 70 0
6 97 70 0
6 99 70 0
6 101 70 0
6 103 70 0
6 105 70 0
6 107 70 0
6 109 70 0
6 111 70 0
6 113 70 0
6 115 70 0
6 117 70 0
6 135 70 0
6 137 70 0
6 139 70 0
6 10 72 0
6 46 72 0
6 48 72 0
6 50 72 0
6 52 72 0
6 54 72 0
6 56 72 0
6 58 72 0
6 60 72 0
6 62 72 0
6 64 72 0
6 66 72 0
6 68 72 0
6 70 72 0
6 72 72 0
6 74 72 0
6 76 72 0
6 78 72 0
6 80 72 0
6 82 72 0
6 84 72 0
6 86 72 0
6 88 72 0
6 90 72 0
6 92 72 0
6 94 72 0
6 96 72 0
6 98 72 0
6 100 72 0
6 102 72 0
6 104 72 0
6 106 72 0
6 108 72 0
6 110 72 0
6 112 72 0
6 114 72 0
6 116 72 0
6 136 72 0
6 138 72 0
6 11 74 0
6 45 74 0
6 47 74 0
6 49 74 0
6 51 74 0
6 53 74 0
6 55 74 0
6 57 74 0
6 59 74 0
6 61 74 0
6 63 74 0
6 65 74 0
6 67 74 0
6 69 74 0
6 71 74 0
6 73 74 0
6 75 74 0
6 77 74 0
6 79 74 0
6 81 74 0
6 83 74 0
6 85 74 0
6 87 74 0
6 89 74 0
6 91 74 0
6 93 74 0
6 95 74 0
6 97 74 0
6 99 74 0
6 101 74 0
6 103 74 0
6 105 74 0
6 107 74 0
6 109 74 0
6 111 74 0
6 113 74 0
6 115 74 0
6 117 74 0
6 135 74 0
6 137 74 0
6 139 74 0
6 12 76 0
6 44 76 0
6 46 76 0
6 48 76 0
6 50 76 0
6 52 76 0
6 54 76 0
6 56 76 0
6 58 76 0
6 60 76 0
6 62 76 0
6 64 76 0
6 66 76 0
6 68 76 0
6 70 76 0
6 72 76 0
6 74 76 0
6 76 76 0
6 78 76 0
6 80 76 0
6 82 76 0
6 84 76 0
6 86 76 0
6 88 76 0
6 90 76 0
6 92 76 0
6 94 76 0
6 96 76 0
6 98 76 0
6 100 76 0
6 102 76 0
6 104 76 0
6 106 76 0
6 108 76 0
6 110 76 0
6 112 76 0
6 114 76 0
6 116 76 0
6 136 76 0
6 138 76 0
6 13 78 0
6 43 78 0
6 45 78 0
6 47 78 0
6 49 78 0
6 51 78 0
6 53 78 0
6 55 78 0
6 57 78 0
6 59 78 0
6 61 78 0
6 63 78 0
6 65 78 0
6 67 78 0
6 69 78 0
6 71 78 0
6 73 78 0
6 75 78 0
6 77 78 0
6 79 78 0
6 81 78 0
6 83 78 0
6 85 78 0
6 87 78 0
6 89 78 0
6 91 78 0
6 93 78 0
6 95 78 0
6 97 78 0
6 99 78 0
6 101 78 0
6 103 78 0
6 105 78 0
6 107 78 0
6 109 78 0
6 111 78 0
6 113 78 0
6 115 78 0
6 117 78 0
6 135 78 0
6 137 78 0
6 139 78 0
6 14 80 0
6 42 80 0
6 44 80 0
6 46 80 0
6 48 80 0
6 50 80 0
6 52 80 0
6 54 80 0
6 56 80 0
6 58 80 0
6 60 80 0
6 62 80 0
6 64 80 0
6 66 80 0
6 68 80 0
6 70 80 0
6 72 80 0
6 74 80 0
6 76 80 0
6 78 80 0
6 80 80 0
6 82 80 0
6 84 80 0
6 86 80 0
6 88 80 0
6 90 80 0
6 92 80 0
6 94 80 0
6 96 80 0
6 98 80 0
6 100 80 0
6 102 80 0
6 104 80 0
6 106 80 0
6 108 80 0
6 110 80 0
6 112 80 0
6 114 80 0
6 116 80 0
6 136 80 0
6 138 80 0
6 15 82 0
6 41 82 0
6 43 82 0
6 45 82 0
6 47 82 0
6 49 82 0
6 51 82 0
6 53 82 0
6 55 82 0
6 57 82 0
6 59 82 0
6 61 82 0
6 63 82 0
6 65 82 0
6 67 82 0
6 69 82 0
6 71 82 0
6 73 82 0
6 75 82 0
6 77 82 0
6 79 82 0
6 81 82 0
6 83 82 0
6 85 82 0
6 87 82 0
6 89 82 0
6 91 82 0
6 93 82 0
6 95 82 0
6 97 82 0
6 99 82 0
6 101 82 0
6 103 82 0
6 105 82 0
6 107 82 0
6 109 82 0
6 111 82 0
6 113 82 0
6 115 82 0
6 117 82 0
6 135 82 0
6 137 82 0
6 139 82 0
6 16 84 0
6 40 84 0
6 42 84 0
6 44 84 0
6 46 84 0
6 48 84 0
6 50 84 0
6 52 84 0
6 54 84 0
6 56 84 0
6 58 84 0
6 60 84 0
6 62 84 0
6 64 84 0
6 66 84 0
6 68 84 0
6 70 84 0
6 72 84 0
6 74 84 0
6 76 84 0
6 78 84 0
6 80 84 0
6 82 84 0
6 84 84 0
6 86 84 0
6 88 84 0
6 90 84 0
6 92 84 0
6 94 84 0
6 96 84 0
6 98 84 0
6 100 84 0
6 102 84 0
6 104 84 0
6 106 84 0
6 108 84 0
6 110 84 0
6 112 84 0
6 114 84 0
6 116 84 0
6 136 84 0
6 138 84 0
6 17 86 0
6 39 86 0
6 41 86 0
6 43 86 0
6 45 86 0
6 47 86 0
6 49 86 0
6 51 86 0
6 53 86 0
6 55 86 0
6 57 86 0
6 59 86 0
6 61 86 0
6 63 86 0
6 65 86 0
6 67 86 0
6 69 86 0
6 71 86 0
6 73 86 0
6 75 86 0
6 77 86 0
6 79 86 0
6 81 86 0
6 83 86 0
6 85 86 0
6 87 86 0
6 89 86 0
6 91 86 0
6 93 86 0
6 95 86 0
6 97 86 0
6 99 86 0
6 101 86 0
6 103 86 0
6 105 86 0
6 107 86 0
6 109 86 0
6 111 86 0
6 113 86 0
6 115 86 0
6 117 86 0
6 135 86 0
6 137 86 0
6 139 86 0
6 18 88 0
6 38 88 0
6 40 88 0
6 44 88 0
6 46 88 0
6 48 88 0
6 50 88 0
6 52 88 0
6 54 88 0
6 56 88 0
6 58 88 0
6 60 88 0
6 62 88 0
6 64 88 0
6 66 88 0
6 68 88 0
6 70 88 0
6 72 88 0
6 74 88 0
6 76 88 0
6 78 88 0
6 80 88 0
6 82 88 0
6 84 88 0
6 86 88 0
6 88 88 0
6 90 88 0
6 92 88 0
6 94 88 0
6 96 88 0
6 98 88 0
6 100 88 0
6 102 88 0
6 104 88 0
6 106 88 0
6 108 88 0
6 110 88 0
6 112 88 0
6 114 88 0
6 116 88 0
6 136 88 0
6 138 88 0
6 19 90 0
6 37 90 0
6 39 90 0
6 45 90 0
6 47 90 0
6 49 90 0
6 51 90 0
6 53 90 0
6 55 90 0
6 57 90 0
6 59 90 0
6 61 90 0
6 63 90 0
6 65 90 0
6 67 90 0
6 69 90 0
6 71 90 0
6 73 90 0
6 75 90 0
6 77 90 0
6 79 90 0
6 81 90 0
6 83 90 0
6 85 90 0
6 87 90 0
6 89 90 0
6 91 90 0
6 93 90 0
6 95 90 0
6 97 90 0
6 99 90 0
6 101 90 0
6 103 90 0
6 105 90 0
6 107 90 0
6 109 90 0
6 111 90 0
6 113 90 0
6 115 90 0
6 117 90 0
6 135 90 0
6 137 90 0
6 139 90 0
6 20 92 0
6 38 92 0
6 44 92 0
6 46 92 0
6 48 92 0
6 50 92 0
6 52 92 0
6 54 92 0
6 56 92 0
6 58 92 0
6 60 92 0
6 62 92 0
6 64 92 0
6 66 92 0
6 68 92 0
6 70 92 0
6 72 92 0
6 74 92 0
6 76 92 0
6 78 92 0
6 80 92 0
6 82 92 0
6 84 92 0
6 86 92 0
6 88 92 0
6 90 92 0
6 92 92 0
6 94 92 0
6 96 92 0
6 98 92 0
6 100 92 0
6 102 92 0
6 104 92 0
6 106 92 0
6 108 92 0
6 110 92 0
6 112 92 0
6 114 92 0
6 116 92 0
6 136 92 0
6 138 92 0
6 21 94 0
6 45 94 0
6 47 94 0
6 49 94 0
6 51 94 0
6 53 94 0
6 55 94 0
6 57 94 0
6 59 94 0
6 61 94 0
6 63 94 0
6 65 94 0
6 67 94 0
6 69 94 0
6 71 94 0
6 73 94 0
6 75 94 0
6 77 94 0
6 79 94 0
6 81 94 0
6 83 94 0
6 85 94 0
6 87 94 0
6 89 94 0
6 91 94 0
6 93 94 0
6 95 94 0
6 97 94 0
6 99 94 0
6 101 94 0
6 103 94 0
6 105 94 0
6 107 94 0
6 109 94 0
6 111 94 0
6 113 94 0
6 115 94 0
6 117 94 0
6 135 94 0
6 137 94 0
6 139 94 0
6 22 96 0
6 46 96 0
6 48 96 0
6 50 96 0
6 52 96 0
6 54 96 0
6 56 96 0
6 58 96 0
6 60 96 0
6 62 96 0
6 64 96 0
6 66 96 0
6 68 96 0
6 70 96 0
6 72 96 0
6 74 96 0
6 76 96 0
6 78 96 0
6 80 96 0
6 82 96 0
6 84 96 0
6 86 96 0
6 88 96 0
6 90 96 0
6 92 96 0
6 94 96 0
6 96 96 0
6 98 96 0
6 100 96 0
6 102 96 0
6 104 96 0
6 106 96 0
6 108 96 0
6 110 96 0
6 112 96 0
6 114 96 0
6 116 96 0
6 136 96 0
6 138 96 0
6 23 98 0
6 33 98 0
6 45 98 0
6 47 98 0
6 49 98 0
6 51 98 0
6 53 98 0
6 55 98 0
6 57 98 0
6 59 98 0
6 61 98 0
6 63 98 0
6 65 98 0
6 67 98 0
6 69 98 0
6 71 98 0
6 73 98 0
6 75 98 0
6 77 98 0
6 79 98 0
6 81 98 0
6 83 98 0
6 85 98 0
6 87 98 0
6 89 98 0
6 91 98 0
6 93 98 0
6 95 98 0
6 97 98 0
6 99 98 0
6 101 98 0
6 103 98 0
6 105 98 0
6 107 98 0
6 109 98 0
6 111 98 0
6 113 98 0
6 115 98 0
6 117 98 0
6 135 98 0
6 137 98 0
6 139 98 0
6 24 100 0
6 32 100 0
6 34 100 0
6 46 100 0
6 48 100 0
6 50 100 0
6 52 100 0
6 54 100 0
6 56 100 0
6 58 100 0
6 60 100 0
6 62 100 0
6 64 100 0
6 66 100 0
6 68 100 0
6 70 100 0
6 72 100 0
6 74 100 0
6 76 100 0
6 78 100 0
6 80 100 0
6 82 100 0
6 84 100 0
6 86 100 0
6 88 100 0
6 90 100 0
6 92 100 0
6 94 100 0
6 96 100 0
6 98 100 0
6 100 100 0
6 102 100 0
6 104 100 0
6 106 100 0
6 108 100 0
6 110 100 0
6 112 100 0
6 114 100 0
6 116 100 0
6 136 100 0
6 138 100 0
6 25 102 0
6 31 102 0
6 33 102 0
6 47 102 0
6 49 102 0
6 51 102 0
6 53 102 0
6 55 102 0
6 57 102 0
6 59 102 0
6 61 102 0
6 63 102 0
6 65 102 0
6 67 102 0
6 69 102 0
6 71 102 0
6 73 102 0
6 75 102 0
6 77 102 0
6 79 102 0
6 81 102 0
6 83 102 0
6 85 102 0
6 87 102 0
6 89 102 0
6 91 102 0
6 93 102 0
6 95 102 0
6 97 102 0
6 99 102 0
6 101 102 0
6 103 102 0
6 105 102 0
6 107 102 0
6 109 102 0
6 111 102 0
6 113 102 0
6 115 102 0
6 117 102 0
6 135 102 0
6 137 102 0
6 139 102 0
6 26 104 0
6 30 104 0
6 32 104 0
6 46 104 0
6 48 104 0
6 50 104 0
6 52 104 0
6 54 104 0
6 56 104 0
6 58 104 0
6 60 104 0
6 62 104 0
6 64 104 0
6 66 104 0
6 68 104 0
6 70 104 0
6 72 104 0
6 74 104 0
6 76 104 0
6 78 104 0
6 80 104 0
6 82 104 0
6 84 104 0
6 86 104 0
6 88 104 0
6 90 104 0
6 92 104 0
6 94 104 0
6 96 104 0
6 98 104 0
6 100 104 0
6 102 104 0
6 104 104 0
6 106 104 0
6 108 104 0
6 110 104 0
6 112 104 0
6 114 104 0
6 116 104 0
6 136 104 0
6 138 104 0
6 27 106 0
6 29 106 0
6 31 106 0
6 47 106 0
6 49 106 0
6 51 106 0
6 53 106 0
6 55 106 0
6 57 106 0
6 59 106 0
6 61 106 0
6 63 106 0
6 65 106 0
6 67 106 0
6 69 106 0
6 71 106 0
6 73 106 0
6 75 106 0
6 77 106 0
6 79 106 0
6 81 106 0
6 83 106 0
6 85 106 0
6 87 106 0
6 89 106 0
6 91 106 0
6 93 106 0
6 95 106 0
6 97 106 0
6 99 106 0
6 101 106 0
6 103 106 0
6 105 106 0
6 107 106 0
6 109 106 0
6 111 106 0
6 113 106 0
6 115 106 0
6 117 106 0
6 135 106 0
6 137 106 0
6 139 106 0
6 28 108 0
6 30 108 0
6 48 108 0
6 50 108 0
6 52 108 0
6 54 108 0
6 56 108 0
6 58 108 0
6 60 108 0
6 62 108 0
6 64 108 0
6 66 108 0
6 68 108 0
6 70 108 0
6 72 108 0
6 74 108 0
6 76 108 0
6 78 108 0
6 80 108 0
6 82 108 0
6 84 108 0
6 86 108 0
6 88 108 0
6 90 108 0
6 92 108 0
6 94 108 0
6 96 108 0
6 98 108 0
6 100 108 0
6 102 108 0
6 104 108 0
6 106 108 0
6 108 108 0
6 110 108 0
6 112 108 0
6 114 108 0
6 116 108 0
6 136 108 0
6 138 108 0
6 27 110 0
6 29 110 0
6 47 110 0
6 49 110 0
6 51 110 0
6 53 110 0
6 55 110 0
6 57 110 0
6 59 110 0
6 61 110 0
6 63 110 0
6 65 110 0
6 67 110 0
6 69 110 0
6 71 110 0
6 73 110 0
6 75 110 0
6 77 110 0
6 79 110 0
6 81 110 0
6 83 110 0
6 85 110 0
6 87 110 0
6 89 110 0
6 91 110 0
6 93 110 0
6 95 110 0
6 97 110 0
6 99 110 0
6 101 110 0
6 103 110 0
6 105 110 0
6 107 110 0
6 109 110 0
6 111 110 0
6 113 110 0
6 115 110 0
6 117 110 0
6 135 110 0
6 137 110 0
6 139 110 0
6 28 112 0
6 48 112 0
6 50 112 0
6 52 112 0
6 54 112 0
6 56 112 0
6 58 112 0
6 60 112 0
6 62 112 0
6 64 112 0
6 66 112 0
6 68 112 0
6 70 112 0
6 72 112 0
6 74 112 0
6 76 112 0
6 78 112 0
6 80 112 0
6 82 112 0
6 84 112 0
6 86 112 0
6 88 112 0
6 90 112 0
6 92 112 0
6 94 112 0
6 96 112 0
6 98 112 0
6 100 112 0
6 102 112 0
6 104 112 0
6 106 112 0
6 108 112 0
6 110 112 0
6 112 112 0
6 114 112 0
6 116 112 0
6 136 112 0
6 138 112 0
6 27 114 0
6 29 114 0
6 49 114 0
6 51 114 0
6 53 114 0
6 55 114 0
6 57 114 0
6 59 114 0
6 61 114 0
6 63 114 0
6 65 114 0
6 67 114 0
6 69 114 0
6 71 114 0
6 73 114 0
6 75 114 0
6 77 114 0
6 79 114 0
6 81 114 0
6 83 114 0
6 85 114 0
6 87 114 0
6 89 114 0
6 91 114 0
6 93 114 0
6 95 114 0
6 97 114 0
6 99 114 0
6 101 114 0
6 103 114 0
6 105 114 0
6 107 114 0
6 109 114 0
6 111 114 0
6 113 114 0
6 115 114 0
6 117 114 0
6 135 114 0
6 137 114 0
6 139 114 0
6 28 116 0
6 30 116 0
6 48 116 0
6 50 116 0
6 52 116 0
6 54 116 0
6 56 116 0
6 58 116 0
6 60 116 0
6 62 116 0
6 64 116 0
6 66 116 0
6 68 116 0
6 70 116 0
6 72 116 0
6 74 116 0
6 76 116 0
6 78 116 0
6 80 116 0
6 82 116 0
6 84 116 0
6 86 116 0
6 88 116 0
6 90 116 0
6 92 116 0
6 94 116 0
6 96 116 0
6 98 116 0
6 100 116 0
6 102 116 0
6 104 116 0
6 106 116 0
6 108 116 0
6 110 116 0
6 112 116 0
6 114 116 0
6 116 116 0
6 136 116 0
6 138 116 0
6 27 118 0
6 29 118 0
6 49 118 0
6 51 118 0
6 53 118 0
6 55 118 0
6 57 118 0
6 59 118 0
6 61 118 0
6 63 118 0
6 65 118 0
6 67 118 0
6 69 118 0
6 71 118 0
6 73 118 0
6 75 118 0
6 77 118 0
6 79 118 0
6 81 118 0
6 83 118 0
6 85 118 0
6 87 118 0
6 89 118 0
6 91 118 0
6 93 118 0
6 95 118 0
6 97 118 0
6 99 118 0
6 101 118 0
6 103 118 0
6 105 118 0
6 107 118 0
6 109 118 0
6 111 118 0
6 113 118 0
6 115 118 0
6 117 118 0
6 135 118 0
6 137 118 0
6 139 118 0
6 10 120 0
6 28 120 0
6 30 120 0
6 50 120 0
6 52 120 0
6 54 120 0
6 56 120 0
6 58 120 0
6 60 120 0
6 62 120 0
6 64 120 0
6 66 120 0
6 68 120 0
6 70 120 0
6 72 120 0
6 74 120 0
6 76 120 0
6 78 120 0
6 80 120 0
6 82 120 0
6 84 120 0
6 86 120 0
6 88 120 0
6 90 120 0
6 92 120 0
6 94 120 0
6 96 120 0
6 98 120 0
6 100 120 0
6 102 120 0
6 104 120 0
6 106 120 0
6 108 120 0
6 110 120 0
6 112 120 0
6 114 120 0
6 116 120 0
6 136 120 0
6 138 120 0
6 29 122 0
6 31 122 0
6 49 122 0
6 51 122 0
6 53 122 0
6 55 122 0
6 57 122 0
6 59 122 0
6 61 122 0
6 63 122 0
6 65 122 0
6 67 122 0
6 69 122 0
6 71 122 0
6 73 122 0
6 75 122 0
6 77 122 0
6 79 122 0
6 81 122 0
6 83 122 0
6 85 122 0
6 87 122 0
6 89 122 0
6 91 122 0
6 93 122 0
6 95 122 0
6 97 122 0
6 99 122 0
6 101 122 0
6 103 122 0
6 105 122 0
6 107 122 0
6 109 122 0
6 111 122 0
6 113 122 0
6 115 122 0
6 117 122 0
6 135 122 0
6 137 122 0
6 139 122 0
6 28 124 0
6 30 124 0
6 50 124 0
6 52 124 0
6 54 124 0
6 56 124 0
6 58 124 0
6 60 124 0
6 62 124 0
6 64 124 0
6 66 124 0
6 68 124 0
6 70 124 0
6 72 124 0
6 74 124 0
6 76 124 0
6 78 124 0
6 80 124 0
6 82 124 0
6 84 124 0
6 86 124 0
6 88 124 0
6 90 124 0
6 92 124 0
6 94 124 0
6 96 124 0
6 98 124 0
6 100 124 0
6 102 124 0
6 104 124 0
6 106 124 0
6 108 124 0
6 110 124 0
6 112 124 0
6 114 124 0
6 116 124 0
6 136 124 0
6 138 124 0
6 29 126 0
6 31 126 0
6 51 126 0
6 53 126 0
6 55 126 0
6 57 126 0
6 59 126 0
6 61 126 0
6 63 126 0
6 65 126 0
6 67 126 0
6 69 126 0
6 71 126 0
6 73 126 0
6 75 126 0
6 77 126 0
6 79 126 0
6 81 126 0
6 83 126 0
6 85 126 0
6 87 126 0
6 89 126 0
6 91 126 0
6 93 126 0
6 95 126 0
6 97 126 0
6 99 126 0
6 101 126 0
6 103 126 0
6 105 126 0
6 107 126 0
6 109 126 0
6 111 126 0
6 113 126 0
6 115 126 0
6 117 126 0
6 135 126 0
6 137 126 0
6 139 126 0
6 30 128 0
6 32 128 0
6 50 128 0
6 52 128 0
6 54 128 0
6 56 128 0
6 58 128 0
6 60 128 0
6 62 128 0
6 64 128 0
6 66 128 0
6 68 128 0
6 70 128 0
6 72 128 0
6 74 128 0
6 76 128 0
6 78 128 0
6 80 128 0
6 82 128 0
6 84 128 0
6 86 128 0
6 88 128 0
6 90 128 0
6 92 128 0
6 94 128 0
6 96 128 0
6 98 128 0
6 100 128 0
6 102 128 0
6 104 128 0
6 106 128 0
6 108 128 0
6 110 128 0
6 112 128 0
6 114 128 0
6 116 128 0
6 136 128 0
6 138 128 0
6 29 130 0
6 31 130 0
6 51 130 0
6 53 130 0
6 55 130 0
6 57 130 0
6 59 130 0
6 61 130 0
6 63 130 0
6 65 130 0
6 67 130 0
6 69 130 0
6 71 130 0
6 73 130 0
6 75 130 0
6 77 130 0
6 79 130 0
6 81 130 0
6 83 130 0
6 85 130 0
6 87 130 0
6 89 130 0
6 91 130 0
6 93 130 0
6 95 130 0
6 97 130 0
6 99 130 0
6 101 130 0
6 103 130 0
6 105 130 0
6 107 130 0
6 109 130 0
6 111 130 0
6 113 130 0
6 115 130 0
6 117 130 0
6 135 130 0
6 137 130 0
6 139 130 0
6 30 132 0
6 32 132 0
6 136 132 0
6 138 132 0
6 31 134 0
6 33 134 0
6 135 134 0
6 137 134 0
6 139 134 0
6 30 136 0
6 32 136 0
6 136 136 0
6 138 136 0
6 31 138 0
6 33 138 0
6 135 138 0
6 137 138 0
6 139 138 0
6 32 140 0
6 34 140 0
6 136 140 0
6 138 140 0
6 31 142 0
6 33 142 0
6 135 142 0
6 137 142 0
6 139 142 0
6 32 144 0
6 34 144 0
6 136 144 0
6 138 144 0
6 33 146 0
6 35 146 0
6 135 146 0
6 137 146 0
6 139 146 0
6 32 148 0
6 34 148 0
6 136 148 0
6 138 148 0
6 33 150 0
6 35 150 0
6 135 150 0
6 137 150 0
6 139 150 0
6 34 152 0
6 36 152 0
6 136 152 0
6 138 152 0
6 33 154 0
6 35 154 0
6 135 154 0
6 137 154 0
6 139 154 0
6 34 156 0
6 36 156 0
6 136 156 0
6 138 156 0
6 35 158 0
6 37 158 0
6 135 158 0
6 137 158 0
6 139 158 0
6 34 160 0
6 36 160 0
6 136 160 0
6 138 160 0
6 35 162 0
6 37 162 0
6 135 162 0
6 137 162 0
6 139 162 0
6 36 164 0
6 38 164 0
6 136 164 0
6 138 164 0
6 37 166 0
6 39 166 0
6 135 166 0
6 137 166 0
6 139 166 0
6 38 168 0
6 40 168 0
6 136 168 0
6 138 168 0
6 39 170 0
6 41 170 0
6 135 170 0
6 137 170 0
6 139 170 0
6 40 172 0
6 42 172 0
6 136 172 0
6 138 172 0
6 41 174 0
6 43 174 0
6 135 174 0
6 137 174 0
6 139 174 0
6 42 176 0
6 44 176 0
6 136 176 0
6 138 176 0
6 43 178 0
6 45 178 0
6 135 178 0
6 137 178 0
6 139 178 0
6 44 180 0
6 46 180 0
6 136 180 0
6 138 180 0
6 45 182 0
6 47 182 0
6 135 182 0
6 137 182 0
6 139 182 0
6 46 184 0
6 48 184 0
6 136 184 0
6 138 184 0
6 47 186 0
6 49 186 0
6 51 186 0
6 53 186 0
6 55 186 0
6 57 186 0
6 59 186 0
6 61 186 0
6 63 186 0
6 65 186 0
6 67 186 0
6 69 186 0
6 71 186 0
6 73 186 0
6 75 186 0
6 77 186 0
6 79 186 0
6 81 186 0
6 83 186 0
6 85 186 0
6 87 186 0
6 89 186 0
6 91 186 0
6 93 186 0
6 95 186 0
6 97 186 0
6 99 186 0
6 101 186 0
6 103 186 0
6 105 186 0
6 107 186 0
6 109 186 0
6 111 186 0
6 113 186 0
6 115 186 0
6 117 186 0
6 119 186 0
6 121 186 0
6 123 186 0
6 125 186 0
6 127 186 0
6 129 186 0
6 131 186 0
6 133 186 0
6 135 186 0
6 137 186 0
6 139 186 0
6 48 188 0
6 50 188 0
6 52 188 0
6 54 188 0
6 56 188 0
6 58 188 0
6 60 188 0
6 62 188 0
6 64 188 0
6 66 188 0
6 68 188 0
6 70 188 0
6 72 188 0
6 74 188 0
6 76 188 0
6 78 188 0
6 80 188 0
6 82 188 0
6 84 188 0
6 86 188 0
6 88 188 0
6 90 188 0
6 92 188 0
6 94 188 0
6 96 188 0
6 98 188 0
6 100 188 0
6 102 188 0
6 104 188 0
6 106 188 0
6 108 188 0
6 110 188 0
6 112 188 0
6 114 188 0
6 116 188 0
6 118 188 0
6 120 188 0
6 122 188 0
6 124 188 0
6 126 188 0
6 128 188 0
6 130 188 0
6 132 188 0
6 134 188 0
6 136 188 0
6 138 188 0
6 49 190 0
6 51 190 0
6 53 190 0
6 55 190 0
6 57 190 0
6 59 190 0
6 61 190 0
6 63 190 0
6 65 190 0
6 67 190 0
6 69 190 0
6 71 190 0
6 73 190 0
6 75 190 0
6 77 190 0
6 79 190 0
6 81 190 0
6 83 190 0
6 85 190 0
6 87 190 0
6 89 190 0
6 91 190 0
6 93 190 0
6 95 190 0
6 97 190 0
6 99 190 0
6 101 190 0
6 103 190 0
6 105 190 0
6 107 190 0
6 109 190 0
6 111 190 0
6 113 190 0
6 115 190 0
6 117 190 0
6 119 190 0
6 121 190 0
6 123 190 0
6 125 190 0
6 127 190 0
6 129 190 0
6 131 190 0
6 133 190 0
6 135 190 0
6 137 190 0
6 139 190 0
