1056 672
1
137
0 25 0 0
0 24 2 0
0 23 4 0
0 29 4 0
0 31 4 0
0 16 6 0
0 20 6 0
0 15 8 0
0 17 8 0
0 19 8 0
0 25 8 0
0 29 8 0
0 16 10 0
0 18 10 0
0 20 10 0
0 22 10 0
0 15 12 0
0 19 12 0
0 21 12 0
0 23 12 0
0 29 12 0
0 18 14 0
0 20 14 0
0 28 14 0
0 15 16 0
0 19 16 0
0 21 16 0
0 23 16 0
0 27 16 0
0 29 16 0
0 0 18 0
0 14 18 0
0 20 18 0
0 22 18 0
0 26 18 0
0 28 18 0
0 13 20 0
0 15 20 0
0 19 20 0
0 21 20 0
0 27 20 0
0 14 22 0
0 18 22 0
0 20 22 0
0 22 22 0
0 26 22 0
0 13 24 0
0 19 24 0
0 21 24 0
0 25 24 0
0 27 24 0
0 10 26 0
0 12 26 0
0 18 26 0
0 20 26 0
0 26 26 0
0 9 28 0
0 11 28 0
0 17 28 0
0 19 28 0
0 21 28 0
0 23 28 0
0 25 28 0
0 27 28 0
0 8 30 0
0 12 30 0
0 18 30 0
0 20 30 0
0 22 30 0
0 26 30 0
0 9 32 0
0 11 32 0
0 17 32 0
0 19 32 0
0 21 32 0
0 25 32 0
0 8 34 0
0 10 34 0
0 20 34 0
0 26 34 0
0 7 36 0
0 11 36 0
0 19 36 0
0 21 36 0
0 25 36 0
0 6 38 0
0 10 38 0
0 14 38 0
0 20 38 0
0 24 38 0
0 7 40 0
0 19 40 0
0 21 40 0
0 25 40 0
0 6 42 0
0 10 42 0
0 14 42 0
0 18 42 0
0 20 42 0
0 7 44 0
0 13 44 0
0 19 44 0
0 6 46 0
0 14 46 0
0 18 46 0
0 7 48 0
0 13 48 0
0 17 48 0
0 6 50 0
0 7 52 0
0 13 52 0
0 6 54 0
0 8 54 0
0 16 54 0
0 18 54 0
0 15 56 0
0 12 58 0
0 14 58 0
0 15 60 0
0 12 62 0
0 14 62 0
0 16 62 0
0 18 62 0
0 11 64 0
0 13 64 0
0 10 66 0
0 12 66 0
0 14 66 0
0 18 66 0
0 11 68 0
0 14 70 0
0 16 70 0
0 11 72 0
0 15 72 0
0 17 72 0
0 16 74 0
0 15 76 0
