1216 704
1
740
1 1 0 0
1 3 0 0
1 5 0 0
1 7 0 0
1 9 0 0
1 11 0 0
1 13 0 0
1 15 0 0
1 17 0 0
1 19 0 0
1 21 0 0
1 23 0 0
1 25 0 0
1 27 0 0
1 29 0 0
1 31 0 0
1 33 0 0
1 35 0 0
1 0 2 0
1 2 2 0
1 4 2 0
1 6 2 0
1 8 2 0
1 10 2 0
1 12 2 0
1 14 2 0
1 16 2 0
1 18 2 0
1 20 2 0
1 22 2 0
1 24 2 0
1 26 2 0
1 28 2 0
1 30 2 0
1 32 2 0
1 34 2 0
1 36 2 0
1 1 4 0
1 3 4 0
1 5 4 0
1 7 4 0
1 9 4 0
1 11 4 0
1 13 4 0
1 15 4 0
1 17 4 0
1 19 4 0
1 21 4 0
1 23 4 0
1 25 4 0
1 27 4 0
1 29 4 0
1 31 4 0
1 33 4 0
1 35 4 0
1 0 6 0
1 2 6 0
1 4 6 0
1 6 6 0
1 8 6 0
1 10 6 0
1 12 6 0
1 14 6 0
1 16 6 0
1 18 6 0
1 20 6 0
1 22 6 0
1 24 6 0
1 26 6 0
1 28 6 0
1 30 6 0
1 32 6 0
1 34 6 0
1 36 6 0
1 1 8 0
1 3 8 0
1 5 8 0
1 7 8 0
1 9 8 0
1 11 8 0
1 13 8 0
1 15 8 0
1 17 8 0
1 19 8 0
1 21 8 0
1 23 8 0
1 25 8 0
1 27 8 0
1 29 8 0
1 31 8 0
1 33 8 0
1 35 8 0
1 0 10 0
1 2 10 0
1 4 10 0
1 6 10 0
1 8 10 0
1 10 10 0
1 12 10 0
1 14 10 0
1 16 10 0
1 18 10 0
1 20 10 0
1 22 10 0
1 24 10 0
1 26 10 0
1 28 10 0
1 30 10 0
1 32 10 0
1 34 10 0
1 36 10 0
1 1 12 0
1 3 12 0
1 5 12 0
1 7 12 0
1 9 12 0
1 11 12 0
1 13 12 0
1 15 12 0
1 17 12 0
1 19 12 0
1 21 12 0
1 23 12 0
1 25 12 0
1 27 12 0
1 29 12 0
1 31 12 0
1 33 12 0
1 35 12 0
1 0 14 0
1 2 14 0
1 4 14 0
1 6 14 0
1 8 14 0
1 10 14 0
1 12 14 0
1 14 14 0
0 16 14 0
1 18 14 0
1 20 14 0
1 22 14 0
1 24 14 0
1 26 14 0
1 28 14 0
1 30 14 0
1 32 14 0
1 34 14 0
1 36 14 0
1 1 16 0
1 3 16 0
1 5 16 0
1 7 16 0
1 9 16 0
1 11 16 0
1 13 16 0
0 15 16 0
0 17 16 0
1 19 16 0
1 21 16 0
1 23 16 0
1 25 16 0
1 27 16 0
1 29 16 0
1 31 16 0
1 33 16 0
1 35 16 0
1 0 18 0
1 2 18 0
1 4 18 0
1 6 18 0
1 8 18 0
1 10 18 0
1 12 18 0
0 14 18 0
1 16 18 0
0 18 18 0
1 20 18 0
1 22 18 0
1 24 18 0
1 26 18 0
1 28 18 0
1 30 18 0
1 32 18 0
1 34 18 0
1 36 18 0
1 1 20 0
1 3 20 0
1 5 20 0
1 7 20 0
1 9 20 0
1 11 20 0
0 13 20 0
1 15 20 0
1 17 20 0
0 19 20 0
1 21 20 0
1 23 20 0
1 25 20 0
1 27 20 0
1 29 20 0
1 31 20 0
1 33 20 0
1 35 20 0
1 0 22 0
1 2 22 0
1 4 22 0
1 6 22 0
1 8 22 0
1 10 22 0
0 12 22 0
1 14 22 0
2 16 22 0
1 18 22 0
0 20 22 0
1 22 22 0
1 24 22 0
1 26 22 0
1 28 22 0
1 30 22 0
1 32 22 0
1 34 22 0
1 36 22 0
1 1 24 0
1 3 24 0
1 5 24 0
1 7 24 0
1 9 24 0
0 11 24 0
1 13 24 0
2 15 24 0
2 17 24 0
1 19 24 0
0 21 24 0
1 23 24 0
1 25 24 0
1 27 24 0
1 29 24 0
1 31 24 0
1 33 24 0
1 35 24 0
1 0 26 0
1 2 26 0
1 4 26 0
1 6 26 0
1 8 26 0
0 10 26 0
1 12 26 0
2 14 26 0
1 16 26 0
2 18 26 0
1 20 26 0
0 22 26 0
1 24 26 0
1 26 26 0
1 28 26 0
1 30 26 0
1 32 26 0
1 34 26 0
1 36 26 0
1 1 28 0
1 3 28 0
1 5 28 0
1 7 28 0
0 9 28 0
1 11 28 0
2 13 28 0
1 15 28 0
1 17 28 0
2 19 28 0
1 21 28 0
0 23 28 0
1 25 28 0
1 27 28 0
1 29 28 0
1 31 28 0
1 33 28 0
1 35 28 0
1 0 30 0
1 2 30 0
1 4 30 0
1 6 30 0
0 8 30 0
1 10 30 0
2 12 30 0
1 14 30 0
0 16 30 0
1 18 30 0
2 20 30 0
1 22 30 0
0 24 30 0
1 26 30 0
1 28 30 0
1 30 30 0
1 32 30 0
1 34 30 0
1 36 30 0
1 1 32 0
1 3 32 0
1 5 32 0
0 7 32 0
1 9 32 0
2 11 32 0
1 13 32 0
0 15 32 0
0 17 32 0
1 19 32 0
2 21 32 0
1 23 32 0
0 25 32 0
1 27 32 0
1 29 32 0
1 31 32 0
1 33 32 0
1 35 32 0
1 0 34 0
1 2 34 0
1 4 34 0
0 6 34 0
1 8 34 0
2 10 34 0
1 12 34 0
0 14 34 0
1 16 34 0
0 18 34 0
1 20 34 0
2 22 34 0
1 24 34 0
0 26 34 0
1 28 34 0
1 30 34 0
1 32 34 0
1 34 34 0
1 36 34 0
1 1 36 0
1 3 36 0
0 5 36 0
1 7 36 0
2 9 36 0
1 11 36 0
0 13 36 0
1 15 36 0
1 17 36 0
0 19 36 0
1 21 36 0
2 23 36 0
1 25 36 0
0 27 36 0
1 29 36 0
1 31 36 0
1 33 36 0
1 35 36 0
1 0 38 0
1 2 38 0
0 4 38 0
1 6 38 0
2 8 38 0
1 10 38 0
0 12 38 0
1 14 38 0
2 16 38 0
1 18 38 0
0 20 38 0
1 22 38 0
2 24 38 0
1 26 38 0
0 28 38 0
1 30 38 0
1 32 38 0
1 34 38 0
1 36 38 0
1 1 40 0
1 3 40 0
0 5 40 0
1 7 40 0
2 9 40 0
1 11 40 0
0 13 40 0
1 15 40 0
1 17 40 0
0 19 40 0
1 21 40 0
2 23 40 0
1 25 40 0
0 27 40 0
1 29 40 0
1 31 40 0
1 33 40 0
1 35 40 0
1 0 42 0
1 2 42 0
1 4 42 0
0 6 42 0
1 8 42 0
2 10 42 0
1 12 42 0
0 14 42 0
1 16 42 0
0 18 42 0
1 20 42 0
2 22 42 0
1 24 42 0
0 26 42 0
1 28 42 0
1 30 42 0
1 32 42 0
1 34 42 0
1 36 42 0
1 1 44 0
1 3 44 0
1 5 44 0
0 7 44 0
1 9 44 0
2 11 44 0
1 13 44 0
0 15 44 0
0 17 44 0
1 19 44 0
2 21 44 0
1 23 44 0
0 25 44 0
1 27 44 0
1 29 44 0
1 31 44 0
1 33 44 0
1 35 44 0
1 0 46 0
1 2 46 0
1 4 46 0
1 6 46 0
0 8 46 0
1 10 46 0
2 12 46 0
1 14 46 0
0 16 46 0
1 18 46 0
2 20 46 0
1 22 46 0
0 24 46 0
1 26 46 0
1 28 46 0
1 30 46 0
1 32 46 0
1 34 46 0
1 36 46 0
1 1 48 0
1 3 48 0
1 5 48 0
1 7 48 0
0 9 48 0
1 11 48 0
2 13 48 0
1 15 48 0
1 17 48 0
2 19 48 0
1 21 48 0
0 23 48 0
1 25 48 0
1 27 48 0
1 29 48 0
1 31 48 0
1 33 48 0
1 35 48 0
1 0 50 0
1 2 50 0
1 4 50 0
1 6 50 0
1 8 50 0
0 10 50 0
1 12 50 0
2 14 50 0
1 16 50 0
2 18 50 0
1 20 50 0
0 22 50 0
1 24 50 0
1 26 50 0
1 28 50 0
1 30 50 0
1 32 50 0
1 34 50 0
1 36 50 0
1 1 52 0
1 3 52 0
1 5 52 0
1 7 52 0
1 9 52 0
0 11 52 0
1 13 52 0
2 15 52 0
2 17 52 0
1 19 52 0
0 21 52 0
1 23 52 0
1 25 52 0
1 27 52 0
1 29 52 0
1 31 52 0
1 33 52 0
1 35 52 0
1 0 54 0
1 2 54 0
1 4 54 0
1 6 54 0
1 8 54 0
1 10 54 0
0 12 54 0
1 14 54 0
2 16 54 0
1 18 54 0
0 20 54 0
1 22 54 0
1 24 54 0
1 26 54 0
1 28 54 0
1 30 54 0
1 32 54 0
1 34 54 0
1 36 54 0
1 1 56 0
1 3 56 0
1 5 56 0
1 7 56 0
1 9 56 0
1 11 56 0
0 13 56 0
1 15 56 0
1 17 56 0
0 19 56 0
1 21 56 0
1 23 56 0
1 25 56 0
1 27 56 0
1 29 56 0
1 31 56 0
1 33 56 0
1 35 56 0
1 0 58 0
1 2 58 0
1 4 58 0
1 6 58 0
1 8 58 0
1 10 58 0
1 12 58 0
0 14 58 0
1 16 58 0
0 18 58 0
1 20 58 0
1 22 58 0
1 24 58 0
1 26 58 0
1 28 58 0
1 30 58 0
1 32 58 0
1 34 58 0
1 36 58 0
1 1 60 0
1 3 60 0
1 5 60 0
1 7 60 0
1 9 60 0
1 11 60 0
1 13 60 0
0 15 60 0
0 17 60 0
1 19 60 0
1 21 60 0
1 23 60 0
1 25 60 0
1 27 60 0
1 29 60 0
1 31 60 0
1 33 60 0
1 35 60 0
1 0 62 0
1 2 62 0
1 4 62 0
1 6 62 0
1 8 62 0
1 10 62 0
1 12 62 0
1 14 62 0
0 16 62 0
1 18 62 0
1 20 62 0
1 22 62 0
1 24 62 0
1 26 62 0
1 28 62 0
1 30 62 0
1 32 62 0
1 34 62 0
1 36 62 0
1 1 64 0
1 3 64 0
1 5 64 0
1 7 64 0
1 9 64 0
1 11 64 0
1 13 64 0
1 15 64 0
1 17 64 0
1 19 64 0
1 21 64 0
1 23 64 0
1 25 64 0
1 27 64 0
1 29 64 0
1 31 64 0
1 33 64 0
1 35 64 0
1 0 66 0
1 2 66 0
1 4 66 0
1 6 66 0
1 8 66 0
1 10 66 0
1 12 66 0
1 14 66 0
1 16 66 0
1 18 66 0
1 20 66 0
1 22 66 0
1 24 66 0
1 26 66 0
1 28 66 0
1 30 66 0
1 32 66 0
1 34 66 0
1 36 66 0
1 1 68 0
1 3 68 0
1 5 68 0
1 7 68 0
1 9 68 0
1 11 68 0
1 13 68 0
1 15 68 0
1 17 68 0
1 19 68 0
1 21 68 0
1 23 68 0
1 25 68 0
1 27 68 0
1 29 68 0
1 31 68 0
1 33 68 0
1 35 68 0
1 0 70 0
1 2 70 0
1 4 70 0
1 6 70 0
1 8 70 0
1 10 70 0
1 12 70 0
1 14 70 0
1 16 70 0
1 18 70 0
1 20 70 0
1 22 70 0
1 24 70 0
1 26 70 0
1 28 70 0
1 30 70 0
1 32 70 0
1 34 70 0
1 36 70 0
1 1 72 0
1 3 72 0
1 5 72 0
1 7 72 0
1 9 72 0
1 11 72 0
1 13 72 0
1 15 72 0
1 17 72 0
1 19 72 0
1 21 72 0
1 23 72 0
1 25 72 0
1 27 72 0
1 29 72 0
1 31 72 0
1 33 72 0
1 35 72 0
1 0 74 0
1 2 74 0
1 4 74 0
1 6 74 0
1 8 74 0
1 10 74 0
1 12 74 0
1 14 74 0
1 16 74 0
1 18 74 0
1 20 74 0
1 22 74 0
1 24 74 0
1 26 74 0
1 28 74 0
1 30 74 0
1 32 74 0
1 34 74 0
1 36 74 0
1 1 76 0
1 3 76 0
1 5 76 0
1 7 76 0
1 9 76 0
1 11 76 0
1 13 76 0
1 15 76 0
1 17 76 0
1 19 76 0
1 21 76 0
1 23 76 0
1 25 76 0
1 27 76 0
1 29 76 0
1 31 76 0
1 33 76 0
1 35 76 0
1 0 78 0
1 4 78 0
1 6 78 0
1 8 78 0
1 10 78 0
1 12 78 0
1 14 78 0
1 16 78 0
1 18 78 0
1 20 78 0
1 22 78 0
1 24 78 0
1 26 78 0
1 28 78 0
1 30 78 0
1 32 78 0
1 34 78 0
1 36 78 0
1 35 80 0
