960 704
2
126
6 0 0 0
6 2 0 0
6 4 0 0
6 10 0 0
6 12 0 0
6 1 2 0
6 3 2 0
6 13 2 0
6 0 4 0
6 2 4 0
6 10 4 0
6 14 4 0
6 1 6 0
6 5 6 0
6 9 6 0
6 13 6 0
6 15 6 0
6 4 8 0
6 10 8 0
6 12 8 0
6 14 8 0
6 26 8 0
6 3 10 0
6 7 10 0
6 9 10 0
6 13 10 0
6 4 12 0
6 12 12 0
6 28 12 0
6 7 14 0
6 9 14 0
6 7 18 0
6 12 28 0
6 14 28 0
6 18 28 0
6 17 30 0
6 16 32 0
6 17 34 0
6 14 36 0
6 13 38 0
6 15 38 0
6 14 40 0
6 13 42 0
6 12 44 0
6 14 44 0
6 16 44 0
6 9 46 0
6 11 46 0
6 13 46 0
6 15 46 0
6 8 48 0
6 10 48 0
6 12 48 0
6 14 48 0
6 7 50 0
6 9 50 0
6 11 50 0
6 13 50 0
6 15 50 0
6 6 52 0
6 8 52 0
6 10 52 0
6 12 52 0
6 14 52 0
6 5 54 0
6 7 54 0
6 9 54 0
6 11 54 0
6 15 54 0
6 4 56 0
6 6 56 0
6 8 56 0
6 10 56 0
6 12 56 0
6 14 56 0
6 3 58 0
6 5 58 0
6 7 58 0
6 9 58 0
6 11 58 0
6 13 58 0
6 2 60 0
6 4 60 0
6 6 60 0
6 8 60 0
6 10 60 0
6 14 60 0
6 1 62 0
6 3 62 0
6 5 62 0
6 7 62 0
6 9 62 0
6 11 62 0
6 13 62 0
6 2 64 0
6 4 64 0
6 6 64 0
6 8 64 0
6 10 64 0
6 1 66 0
6 3 66 0
6 5 66 0
6 7 66 0
6 9 66 0
6 4 68 0
6 6 68 0
6 5 70 0
6 7 70 0
6 11 70 0
6 2 72 0
6 4 72 0
6 8 72 0
6 3 74 0
6 5 74 0
6 9 74 0
6 4 76 0
6 6 76 0
6 8 76 0
6 10 76 0
6 5 78 0
6 7 78 0
6 9 78 0
6 11 78 0
6 6 80 0
6 8 80 0
6 10 80 0
0
