164 148
2
297
0 14 0 0
0 15 2 0
0 14 4 0
0 12 8 0
0 11 10 0
0 10 16 0
0 9 18 0
0 6 24 0
0 14 24 0
0 16 24 0
0 20 24 0
0 21 26 0
0 18 28 0
0 20 28 0
0 5 30 0
0 11 30 0
0 17 30 0
0 23 30 0
0 17 34 0
0 23 34 0
0 2 36 0
0 10 36 0
0 24 36 0
0 15 38 0
0 25 42 0
0 2 44 0
0 14 44 0
0 24 44 0
0 10 48 0
0 1 50 0
0 15 50 0
0 21 50 0
0 23 50 0
0 26 52 0
0 21 54 0
0 23 54 0
0 25 54 0
0 27 54 0
0 0 56 0
0 22 56 0
0 24 56 0
0 15 58 0
0 21 58 0
0 23 58 0
0 25 58 0
0 10 60 0
0 24 60 0
0 26 60 0
0 25 62 0
0 27 62 0
0 22 64 0
0 24 64 0
0 26 64 0
0 28 64 0
0 1 66 0
0 29 66 0
0 10 68 0
0 14 68 0
0 22 68 0
0 24 68 0
0 26 68 0
0 32 68 0
0 34 68 0
0 36 68 0
0 21 70 0
0 23 70 0
0 25 70 0
0 27 70 0
0 29 70 0
0 31 70 0
0 22 72 0
0 24 72 0
0 26 72 0
0 28 72 0
0 30 72 0
0 1 74 0
0 15 74 0
0 21 74 0
0 25 74 0
0 27 74 0
0 33 74 0
0 35 74 0
0 10 76 0
0 22 76 0
0 24 76 0
0 26 76 0
0 28 76 0
0 38 76 0
0 23 78 0
0 25 78 0
0 27 78 0
0 31 78 0
0 33 78 0
0 35 78 0
0 20 80 0
0 22 80 0
0 24 80 0
0 26 80 0
0 34 80 0
0 36 80 0
0 1 82 0
0 21 82 0
0 25 82 0
0 27 82 0
0 29 82 0
0 31 82 0
0 33 82 0
0 37 82 0
0 12 84 0
0 16 84 0
0 20 84 0
0 24 84 0
0 26 84 0
0 28 84 0
0 30 84 0
0 34 84 0
0 36 84 0
0 38 84 0
0 23 86 0
0 25 86 0
0 27 86 0
0 29 86 0
0 31 86 0
0 33 86 0
0 37 86 0
0 2 88 0
0 18 88 0
0 22 88 0
0 24 88 0
0 26 88 0
0 28 88 0
0 34 88 0
0 36 88 0
0 38 88 0
0 13 90 0
0 19 90 0
0 21 90 0
0 23 90 0
0 25 90 0
0 27 90 0
0 29 90 0
0 31 90 0
0 33 90 0
0 37 90 0
0 24 92 0
0 26 92 0
0 28 92 0
0 32 92 0
0 38 92 0
0 3 94 0
0 19 94 0
0 23 94 0
0 25 94 0
0 27 94 0
0 31 94 0
0 33 94 0
0 37 94 0
0 20 96 0
0 24 96 0
0 26 96 0
0 28 96 0
0 32 96 0
0 34 96 0
0 38 96 0
0 19 98 0
0 21 98 0
0 23 98 0
0 25 98 0
0 27 98 0
0 29 98 0
0 31 98 0
0 35 98 0
0 37 98 0
0 39 98 0
0 6 100 0
0 14 100 0
0 22 100 0
0 24 100 0
0 28 100 0
0 9 102 0
0 11 102 0
0 15 102 0
0 17 102 0
0 21 102 0
0 23 102 0
0 25 102 0
0 27 102 0
0 29 102 0
0 31 102 0
0 37 102 0
0 39 102 0
0 22 104 0
0 24 104 0
0 26 104 0
0 28 104 0
0 32 104 0
0 34 104 0
0 15 106 0
0 23 106 0
0 25 106 0
0 27 106 0
0 29 106 0
0 31 106 0
0 37 106 0
0 18 108 0
0 22 108 0
0 24 108 0
0 26 108 0
0 28 108 0
0 30 108 0
0 34 108 0
0 38 108 0
0 19 110 0
0 21 110 0
0 23 110 0
0 25 110 0
0 27 110 0
0 29 110 0
0 31 110 0
0 35 110 0
0 37 110 0
0 39 110 0
0 22 112 0
0 24 112 0
0 26 112 0
0 28 112 0
0 30 112 0
0 25 114 0
0 27 114 0
0 29 114 0
0 31 114 0
0 35 114 0
0 37 114 0
0 39 114 0
0 22 116 0
0 24 116 0
0 26 116 0
0 28 116 0
0 30 116 0
0 32 116 0
0 38 116 0
0 23 118 0
0 25 118 0
0 31 118 0
0 35 118 0
0 37 118 0
0 39 118 0
0 22 120 0
0 24 120 0
0 26 120 0
0 28 120 0
0 30 120 0
0 34 120 0
0 36 120 0
0 23 122 0
0 25 122 0
0 31 122 0
0 35 122 0
0 39 122 0
0 22 124 0
0 24 124 0
0 26 124 0
0 28 124 0
0 30 124 0
0 32 124 0
0 36 124 0
0 38 124 0
0 21 126 0
0 25 126 0
0 29 126 0
0 31 126 0
0 35 126 0
0 26 128 0
0 30 128 0
0 34 128 0
0 36 128 0
0 38 128 0
0 27 130 0
0 29 130 0
0 31 130 0
0 33 130 0
0 35 130 0
0 39 130 0
0 22 132 0
0 26 132 0
0 30 132 0
0 32 132 0
0 36 132 0
0 38 132 0
0 27 134 0
0 22 136 0
0 24 136 0
0 28 136 0
0 30 136 0
0 29 138 0
0 28 140 0
0 30 140 0
0
