5
136
0 288 128 0
0 256 144 0
0 320 144 0
0 224 160 0
0 288 160 0
0 352 160 0
0 416 160 0
0 192 176 0
0 256 176 0
0 320 176 0
0 384 176 0
0 96 192 0
0 160 192 0
0 224 192 0
0 288 192 0
0 352 192 0
0 416 192 0
0 480 192 0
7 1248 192 0
0 64 208 0
0 128 208 0
0 192 208 0
0 256 208 0
0 320 208 0
0 384 208 0
0 448 208 0
0 512 208 0
7 1216 208 0
7 1280 208 0
0 32 224 0
0 96 224 0
0 160 224 0
0 224 224 0
0 288 224 0
0 352 224 0
0 416 224 0
0 480 224 0
0 544 224 0
7 1184 224 0
7 1248 224 0
7 1312 224 0
0 0 240 0
0 64 240 0
0 128 240 0
0 192 240 0
0 256 240 0
0 320 240 0
0 384 240 0
0 448 240 0
0 512 240 0
0 576 240 0
7 1152 240 0
7 1216 240 0
7 1280 240 0
7 1344 240 0
0 32 256 0
0 96 256 0
0 160 256 0
0 224 256 0
0 288 256 0
0 352 256 0
0 416 256 0
0 480 256 0
0 544 256 0
7 1120 256 0
7 1184 256 0
7 1248 256 0
7 1312 256 0
7 1376 256 0
0 64 272 0
0 128 272 0
0 192 272 0
0 256 272 0
0 320 272 0
0 384 272 0
0 448 272 0
0 512 272 0
7 1088 272 0
7 1152 272 0
7 1216 272 0
7 1280 272 0
7 1344 272 0
7 1408 272 0
0 96 288 0
0 160 288 0
0 224 288 0
0 224 288 0
0 288 288 0
0 352 288 0
0 416 288 0
0 480 288 0
7 1120 288 0
7 1184 288 0
7 1248 288 0
7 1312 288 0
7 1376 288 0
6 1568 288 0
0 128 304 0
0 192 304 0
0 256 304 0
0 256 304 0
0 256 304 0
0 320 304 0
0 384 304 0
0 448 304 0
7 1152 304 0
7 1216 304 0
7 1280 304 0
7 1344 304 0
6 1600 304 0
0 160 320 0
0 224 320 0
0 288 320 0
0 352 320 0
0 416 320 0
7 1184 320 0
7 1248 320 0
7 1312 320 0
6 1632 320 0
0 192 336 0
0 256 336 0
0 320 336 0
0 384 336 0
7 1216 336 0
7 1280 336 0
6 1664 336 0
0 224 352 0
0 288 352 0
0 352 352 0
7 1248 352 0
6 1696 352 0
0 256 368 0
0 320 368 0
6 1728 368 0
0 288 384 0
6 1760 384 0
40
0 288 96 0
0 256 112 0
0 320 112 0
0 224 128 0
0 352 128 0
0 192 144 0
0 384 144 0
0 160 160 0
0 416 160 0
0 128 176 0
0 448 176 0
0 96 192 0
0 480 192 0
0 64 208 0
0 512 208 0
6 1152 208 0
0 96 224 0
0 480 224 0
0 480 224 0
6 1184 224 0
6 1312 224 0
0 128 240 0
0 448 240 0
6 1216 240 0
6 1280 240 0
0 160 256 0
6 1248 256 0
1 1568 256 0
0 192 272 0
0 1600 272 0
0 224 288 0
0 352 288 0
0 1632 288 0
0 256 304 0
0 320 304 0
0 1664 304 0
0 288 320 0
0 1696 320 0
0 1728 336 0
4 1760 352 0
39
0 288 64 0
0 256 80 0
0 320 80 0
0 224 96 0
0 352 96 0
0 192 112 0
0 384 112 0
0 160 128 0
0 416 128 0
0 128 144 0
0 448 144 0
0 96 160 0
0 480 160 0
0 64 176 0
0 512 176 0
6 1152 176 0
0 96 192 0
0 480 192 0
6 1184 192 0
6 1312 192 0
0 128 208 0
0 448 208 0
6 1216 208 0
6 1280 208 0
0 160 224 0
6 1248 224 0
1 1568 224 0
0 192 240 0
5 1600 240 0
0 224 256 0
0 352 256 0
5 1632 256 0
0 256 272 0
0 320 272 0
5 1664 272 0
0 288 288 0
5 1696 288 0
5 1728 304 0
4 1760 320 0
39
0 288 32 0
0 256 48 0
0 320 48 0
0 224 64 0
0 352 64 0
0 192 80 0
0 384 80 0
0 160 96 0
0 416 96 0
0 128 112 0
0 448 112 0
0 96 128 0
0 480 128 0
0 64 144 0
0 512 144 0
6 1152 144 0
0 96 160 0
0 480 160 0
6 1184 160 0
6 1312 160 0
0 128 176 0
0 448 176 0
6 1216 176 0
6 1280 176 0
0 160 192 0
6 1248 192 0
3 1568 192 0
0 192 208 0
5 1600 208 0
0 224 224 0
0 352 224 0
5 1632 224 0
0 256 240 0
0 320 240 0
5 1664 240 0
0 288 256 0
5 1696 256 0
5 1728 272 0
2 1760 288 0
34
0 288 0 0
0 256 16 0
0 320 16 0
0 224 32 0
0 352 32 0
0 192 48 0
0 384 48 0
0 160 64 0
0 416 64 0
0 128 80 0
0 448 80 0
0 96 96 0
0 480 96 0
0 64 112 0
0 512 112 0
6 1152 112 0
0 96 128 0
0 480 128 0
6 1184 128 0
6 1312 128 0
0 128 144 0
0 448 144 0
6 1216 144 0
6 1280 144 0
0 160 160 0
0 416 160 0
6 1248 160 0
0 192 176 0
0 384 176 0
0 224 192 0
0 352 192 0
0 256 208 0
0 320 208 0
0 288 224 0
